[217, 217, 220, 223, 226, 229, 232, 233, 235, 236, 237, 239, 240, 241, 242, 242, 243, 244, 243, 238, 225, 202, 162, 106,  62,  48,  53,  63,  73,  81,  84,  87,  91,  94,  96,  98, 100, 103, 105, 107, 108, 110, 112, 113, 114, 115, 117, 118, 119, 120, 123, 127, 130, 129, 127, 126, 125, 124, 124, 124, 126, 128, 128, 127, 127, 128, 126, 124, 122, 120, 118, 111,  96,  75,  56,  47,  45,  51,  75, 116, 151, 167, 171, 171, 170, 170, 170, 169, 169, 168, 167, 166, 165, 164, 164, 163, 163, 163, 162, 162;
 217, 218, 221, 224, 227, 230, 232, 234, 236, 237, 238, 239, 241, 242, 243, 244, 245, 245, 242, 234, 217, 188, 146,  97,  62,  54,  61,  69,  77,  82,  85,  88,  92,  94,  96,  99, 102, 104, 106, 107, 109, 110, 112, 113, 114, 116, 118, 119, 120, 120, 122, 126, 129, 130, 128, 127, 127, 126, 125, 125, 127, 129, 129, 128, 129, 129, 127, 125, 123, 122, 119, 113, 102,  84,  66,  53,  46,  49,  68, 104, 141, 163, 171, 171, 170, 170, 170, 169, 169, 168, 167, 166, 165, 164, 164, 163, 163, 163, 162, 162;
 218, 219, 222, 226, 229, 232, 234, 236, 237, 238, 240, 241, 243, 244, 246, 247, 247, 245, 238, 223, 196, 159, 117,  82,  66,  68,  75,  79,  82,  85,  86,  89,  93,  95,  98, 101, 104, 107, 108, 109, 110, 111, 113, 114, 115, 118, 120, 122, 122, 121, 122, 125, 129, 130, 130, 130, 129, 128, 128, 128, 130, 131, 131, 131, 132, 132, 129, 127, 126, 125, 121, 116, 111, 103,  88,  69,  53,  45,  54,  80, 117, 151, 168, 172, 171, 170, 170, 169, 169, 168, 167, 167, 166, 165, 164, 164, 163, 163, 163, 162;
 220, 221, 224, 228, 231, 233, 235, 237, 239, 240, 242, 244, 246, 247, 249, 249, 248, 242, 230, 210, 178, 137, 101,  79,  75,  79,  83,  84,  85,  86,  88,  91,  94,  97, 100, 104, 107, 109, 110, 110, 111, 113, 114, 115, 117, 120, 123, 125, 124, 122, 123, 126, 128, 130, 132, 132, 132, 132, 132, 133, 133, 133, 133, 134, 135, 133, 131, 129, 128, 127, 123, 120, 118, 115, 107,  90,  67,  49,  45,  61,  97, 137, 163, 172, 172, 171, 170, 169, 169, 168, 168, 167, 167, 166, 165, 164, 164, 163, 163, 163;
 221, 222, 225, 229, 232, 235, 237, 239, 240, 242, 244, 246, 248, 250, 251, 250, 246, 236, 221, 199, 167, 130, 100,  84,  81,  83,  84,  85,  86,  88,  90,  93,  96, 100, 104, 108, 110, 111, 112, 112, 113, 113, 114, 116, 118, 121, 124, 126, 125, 125, 126, 128, 128, 130, 133, 134, 135, 136, 136, 138, 138, 137, 135, 135, 135, 134, 132, 131, 131, 130, 127, 124, 122, 121, 117, 107,  87,  64,  51,  60,  90, 130, 159, 171, 172, 171, 170, 169, 169, 168, 168, 167, 167, 166, 165, 164, 164, 163, 163, 163;
 222, 223, 226, 230, 233, 236, 238, 240, 241, 243, 246, 248, 250, 252, 252, 249, 243, 230, 211, 185, 153, 119,  95,  85,  83,  84,  85,  86,  88,  90,  93,  95,  99, 103, 108, 112, 113, 113, 113, 114, 115, 115, 115, 116, 119, 121, 124, 126, 127, 128, 130, 130, 130, 131, 135, 137, 139, 139, 139, 140, 142, 141, 139, 137, 136, 137, 136, 135, 136, 136, 133, 130, 127, 125, 121, 116, 105,  87,  70,  66,  85, 120, 153, 169, 172, 171, 170, 169, 169, 168, 168, 167, 166, 166, 165, 164, 164, 163, 163, 163;
 222, 223, 227, 230, 233, 236, 238, 240, 242, 245, 248, 250, 251, 252, 251, 245, 234, 219, 198, 167, 130, 100,  85,  82,  83,  85,  86,  88,  90,  92,  95,  98, 101, 106, 110, 113, 115, 115, 115, 116, 118, 118, 118, 120, 121, 123, 125, 127, 129, 130, 132, 133, 132, 134, 137, 139, 140, 141, 140, 141, 144, 145, 142, 139, 139, 141, 141, 140, 141, 142, 140, 136, 132, 128, 123, 119, 115, 105,  86,  67,  70, 101, 140, 164, 169, 169, 169, 169, 168, 168, 167, 167, 166, 166, 165, 164, 164, 163, 163, 162;
 222, 223, 227, 230, 234, 236, 239, 241, 243, 246, 249, 251, 252, 250, 244, 233, 215, 195, 176, 146, 110,  86,  80,  82,  84,  86,  87,  88,  90,  92,  96, 100, 103, 107, 109, 112, 115, 117, 117, 118, 119, 120, 121, 123, 125, 127, 128, 130, 131, 133, 135, 137, 137, 138, 139, 141, 142, 142, 141, 142, 146, 147, 145, 142, 141, 144, 145, 143, 143, 144, 143, 140, 138, 132, 126, 121, 119, 113,  96,  71,  59,  78, 117, 145, 156, 162, 166, 168, 168, 168, 167, 167, 167, 166, 165, 164, 164, 163, 163, 162;
 221, 223, 226, 230, 234, 236, 239, 241, 244, 247, 250, 251, 250, 243, 230, 212, 185, 156, 138, 120,  95,  81,  79,  82,  84,  86,  88,  89,  91,  93,  97, 101, 105, 107, 109, 112, 115, 118, 120, 120, 120, 121, 123, 125, 128, 129, 130, 132, 133, 135, 139, 141, 142, 143, 143, 144, 145, 145, 144, 144, 147, 149, 147, 143, 142, 144, 146, 144, 141, 141, 141, 141, 141, 137, 130, 124, 121, 116, 105,  85,  66,  67,  89, 113, 129, 146, 161, 168, 169, 168, 168, 167, 167, 166, 166, 165, 164, 163, 163, 162;
 221, 222, 226, 230, 233, 236, 238, 241, 244, 247, 250, 251, 247, 234, 211, 182, 146, 111,  94,  89,  83,  78,  79,  81,  82,  83,  87,  90,  93,  95,  99, 103, 106, 109, 111, 114, 117, 120, 121, 121, 120, 121, 124, 126, 129, 131, 133, 134, 135, 136, 139, 143, 145, 146, 146, 146, 147, 147, 145, 145, 148, 150, 150, 146, 144, 145, 146, 144, 141, 138, 138, 139, 140, 139, 135, 129, 124, 120, 115, 102,  81,  65,  67,  80,  98, 125, 152, 166, 169, 168, 168, 167, 166, 166, 166, 165, 164, 163, 162, 162;
 220, 221, 225, 229, 232, 235, 238, 240, 243, 246, 249, 250, 245, 227, 192, 150, 109,  80,  68,  71,  74,  76,  78,  80,  81,  83,  86,  90,  94,  97, 101, 105, 108, 111, 114, 117, 119, 121, 122, 122, 123, 124, 126, 127, 130, 132, 135, 136, 135, 135, 137, 142, 145, 147, 148, 148, 149, 149, 147, 146, 148, 150, 151, 150, 148, 149, 149, 148, 144, 142, 141, 140, 139, 139, 138, 133, 127, 123, 120, 112,  93,  70,  56,  57,  71, 101, 137, 160, 167, 168, 168, 167, 167, 166, 166, 166, 165, 163, 162, 162;
 218, 220, 223, 227, 231, 233, 236, 239, 242, 245, 248, 248, 241, 216, 171, 125,  90,  70,  64,  68,  73,  75,  78,  80,  81,  83,  85,  89,  93,  98, 102, 106, 109, 113, 117, 120, 122, 123, 124, 125, 126, 128, 128, 129, 132, 134, 136, 137, 136, 135, 137, 142, 145, 147, 150, 150, 150, 150, 149, 149, 149, 150, 151, 152, 152, 152, 152, 150, 148, 146, 145, 144, 141, 139, 139, 135, 129, 125, 124, 119, 105,  82,  59,  48,  53,  79, 118, 150, 165, 168, 168, 167, 167, 167, 167, 166, 165, 164, 163, 162;
 217, 218, 221, 225, 229, 231, 234, 236, 240, 243, 245, 240, 224, 191, 147, 108,  84,  70,  66,  70,  74,  76,  77,  79,  81,  83,  85,  88,  93,  98, 103, 107, 111, 115, 120, 123, 125, 125, 126, 127, 129, 130, 131, 132, 134, 136, 137, 137, 137, 138, 141, 144, 146, 148, 151, 152, 152, 152, 151, 151, 151, 150, 151, 153, 153, 152, 152, 152, 150, 148, 147, 147, 146, 144, 141, 136, 131, 128, 126, 123, 115,  98,  72,  50,  46,  67, 105, 141, 160, 167, 168, 168, 167, 167, 167, 166, 165, 164, 163, 162;
 215, 216, 219, 223, 226, 229, 231, 234, 237, 239, 236, 218, 186, 151, 120,  95,  76,  66,  65,  69,  74,  77,  78,  79,  81,  84,  85,  88,  93,  98, 103, 108, 113, 117, 121, 124, 126, 127, 128, 129, 130, 133, 134, 135, 137, 138, 139, 139, 139, 142, 144, 145, 147, 149, 151, 152, 153, 152, 151, 151, 151, 150, 151, 153, 152, 152, 152, 152, 152, 149, 148, 148, 148, 147, 143, 138, 134, 130, 128, 125, 121, 110,  88,  62,  50,  62,  92, 125, 150, 163, 168, 168, 167, 167, 167, 166, 165, 164, 163, 162;
 213, 214, 217, 220, 223, 226, 229, 231, 234, 235, 225, 191, 141, 105,  90,  77,  64,  59,  62,  67,  73,  77,  78,  80,  82,  84,  86,  89,  93,  98, 104, 109, 114, 119, 122, 125, 127, 129, 130, 131, 133, 136, 139, 140, 140, 141, 141, 141, 141, 143, 144, 146, 148, 149, 150, 151, 152, 152, 151, 151, 150, 150, 152, 153, 153, 152, 152, 153, 152, 150, 148, 148, 147, 144, 142, 139, 136, 134, 132, 129, 125, 118, 102,  77,  56,  54,  72, 100, 131, 155, 166, 168, 167, 167, 167, 167, 166, 164, 163, 162;
 211, 212, 215, 217, 220, 223, 226, 228, 231, 231, 218, 176, 115,  74,  60,  55,  53,  55,  60,  66,  73,  77,  79,  82,  84,  86,  88,  91,  94,  99, 105, 111, 116, 120, 124, 127, 128, 131, 134, 135, 136, 140, 143, 145, 144, 144, 144, 144, 144, 145, 146, 147, 149, 150, 150, 151, 152, 153, 152, 151, 150, 151, 153, 154, 155, 155, 154, 153, 153, 152, 150, 148, 145, 142, 139, 139, 138, 138, 138, 134, 129, 123, 112,  89,  61,  46,  51,  73, 108, 143, 164, 168, 167, 167, 167, 167, 166, 164, 163, 163;
 209, 210, 212, 215, 217, 220, 222, 224, 227, 227, 213, 170, 107,  59,  43,  43,  48,  54,  61,  67,  73,  77,  80,  84,  87,  89,  91,  94,  97, 101, 107, 112, 117, 122, 126, 128, 130, 133, 136, 138, 140, 143, 147, 148, 148, 148, 147, 147, 148, 149, 149, 149, 149, 150, 152, 153, 154, 155, 155, 155, 154, 154, 157, 159, 160, 160, 158, 155, 154, 154, 153, 150, 146, 143, 141, 140, 141, 143, 143, 139, 133, 127, 117,  98,  69,  46,  41,  55,  88, 130, 158, 167, 167, 166, 166, 166, 165, 164, 163, 163;
 208, 208, 210, 212, 214, 216, 218, 221, 221, 216, 199, 157,  97,  51,  37,  41,  49,  57,  63,  69,  73,  78,  82,  86,  90,  94,  96,  98, 101, 105, 109, 113, 118, 123, 127, 130, 132, 135, 139, 142, 144, 147, 151, 153, 153, 152, 150, 149, 150, 151, 151, 150, 150, 151, 153, 154, 156, 159, 161, 161, 160, 161, 162, 165, 167, 167, 163, 159, 158, 157, 156, 153, 151, 147, 145, 145, 145, 146, 146, 142, 136, 130, 121, 105,  78,  52,  41,  47,  72, 113, 149, 165, 167, 166, 166, 166, 165, 164, 164, 164;
 206, 206, 208, 210, 212, 213, 215, 217, 214, 200, 172, 129,  78,  43,  35,  42,  52,  60,  65,  70,  75,  79,  83,  88,  94,  98,  99, 100, 103, 108, 112, 116, 119, 123, 126, 130, 134, 138, 142, 146, 147, 150, 154, 156, 156, 156, 152, 150, 151, 153, 153, 153, 152, 152, 154, 155, 158, 162, 166, 168, 168, 167, 168, 170, 172, 170, 167, 164, 162, 161, 160, 157, 155, 152, 150, 150, 148, 146, 145, 142, 137, 131, 124, 110,  86,  60,  45,  43,  59,  97, 138, 162, 167, 166, 166, 166, 165, 165, 164, 164;
 204, 204, 206, 208, 209, 211, 213, 214, 208, 183, 141,  96,  58,  37,  36,  44,  54,  62,  66,  70,  76,  81,  85,  89,  93,  97,  98, 100, 103, 109, 114, 118, 121, 123, 126, 129, 133, 138, 145, 149, 150, 152, 153, 155, 157, 157, 155, 152, 153, 155, 156, 156, 154, 154, 156, 158, 160, 164, 169, 172, 171, 170, 171, 173, 172, 169, 166, 164, 165, 166, 164, 160, 157, 156, 154, 152, 149, 146, 144, 141, 137, 133, 127, 115,  91,  64,  47,  42,  53,  88, 131, 159, 167, 167, 166, 166, 166, 165, 164, 164;
 202, 202, 204, 206, 207, 209, 210, 212, 204, 171, 119,  72,  44,  33,  35,  44,  54,  62,  67,  71,  77,  82,  84,  85,  87,  90,  93,  96,  99, 102, 107, 114, 120, 123, 124, 126, 128, 135, 143, 149, 152, 152, 151, 153, 156, 159, 157, 155, 155, 157, 159, 158, 157, 157, 158, 161, 163, 166, 170, 173, 171, 168, 169, 171, 170, 166, 160, 159, 163, 167, 165, 161, 158, 155, 154, 152, 149, 147, 145, 142, 138, 135, 130, 118,  93,  65,  46,  41,  52,  84, 126, 156, 166, 167, 167, 166, 166, 165, 164, 164;
 199, 200, 202, 204, 205, 206, 207, 209, 201, 166, 108,  58,  35,  29,  32,  42,  53,  63,  68,  73,  78,  81,  79,  77,  77,  80,  86,  90,  89,  87,  89,  98, 108, 114, 117, 118, 119, 124, 133, 141, 146, 148, 149, 150, 155, 160, 160, 158, 158, 159, 160, 160, 160, 159, 160, 163, 166, 167, 170, 171, 168, 164, 163, 165, 164, 158, 151, 149, 151, 154, 157, 159, 154, 149, 149, 149, 148, 147, 146, 144, 141, 137, 132, 120,  96,  66,  45,  40,  52,  83, 123, 154, 166, 167, 167, 166, 165, 165, 164, 164;
 198, 198, 200, 202, 203, 204, 205, 206, 199, 164, 104,  52,  30,  27,  31,  42,  54,  63,  70,  74,  77,  76,  71,  67,  66,  69,  76,  79,  75,  67,  64,  73,  85,  94, 101, 105, 107, 111, 118, 124, 131, 138, 144, 148, 154, 160, 161, 161, 161, 161, 161, 162, 162, 162, 162, 165, 168, 169, 168, 167, 162, 156, 153, 153, 152, 147, 142, 134, 125, 125, 136, 145, 144, 140, 141, 143, 145, 147, 147, 145, 143, 139, 134, 123, 102,  72,  48,  40,  51,  83, 126, 156, 166, 167, 167, 166, 165, 164, 164, 163;
 196, 197, 198, 200, 201, 201, 202, 203, 197, 165, 106,  53,  29,  27,  33,  44,  56,  64,  70,  72,  71,  65,  60,  56,  55,  57,  62,  64,  60,  52,  49,  56,  67,  75,  83,  91,  97, 101, 106, 110, 116, 128, 139, 146, 152, 159, 162, 163, 163, 162, 161, 161, 162, 163, 164, 166, 168, 167, 165, 160, 152, 144, 138, 135, 134, 134, 132, 118,  99,  96, 109, 122, 128, 131, 134, 136, 138, 141, 142, 142, 142, 141, 136, 128, 109,  80,  54,  41,  49,  84, 131, 161, 167, 167, 167, 166, 165, 164, 164, 163;
 194, 195, 196, 198, 198, 199, 199, 200, 194, 164, 106,  52,  28,  27,  35,  46,  57,  64,  66,  65,  59,  52,  48,  46,  45,  46,  48,  50,  50,  48,  49,  56,  64,  68,  75,  84,  92,  97, 100, 103, 109, 120, 132, 141, 148, 155, 159, 161, 162, 160, 159, 160, 162, 164, 166, 167, 167, 164, 161, 154, 143, 132, 123, 117, 117, 118, 117, 104,  85,  81,  92, 103, 110, 115, 119, 121, 122, 126, 129, 131, 136, 139, 137, 130, 115,  89,  60,  43,  47,  82, 132, 162, 168, 167, 167, 166, 165, 164, 164, 164;
 192, 193, 194, 195, 196, 196, 197, 198, 190, 156,  96,  45,  26,  28,  38,  49,  57,  59,  58,  54,  48,  43,  41,  40,  39,  40,  42,  45,  47,  48,  53,  63,  69,  71,  76,  85,  92,  95,  98, 103, 108, 114, 122, 131, 140, 148, 153, 156, 158, 157, 157, 158, 160, 162, 164, 165, 165, 162, 157, 148, 136, 124, 113, 106, 104, 103, 101,  93,  81,  76,  84,  93,  95,  91,  91,  94, 101, 109, 113, 114, 121, 130, 133, 130, 118,  94,  65,  46,  47,  80, 130, 161, 168, 167, 167, 167, 166, 165, 164, 164;
 191, 191, 192, 193, 194, 194, 195, 195, 186, 147,  83,  37,  24,  29,  40,  50,  54,  52,  48,  46,  44,  42,  42,  43,  43,  46,  49,  49,  49,  52,  59,  69,  75,  76,  80,  88,  93,  96,  99, 103, 106, 107, 111, 120, 131, 138, 143, 147, 152, 154, 156, 157, 158, 158, 159, 160, 161, 158, 153, 143, 132, 121, 112, 105, 101,  96,  90,  87,  82,  79,  84,  88,  81,  71,  69,  75,  85,  95, 100,  99, 105, 118, 128, 129, 120,  98,  69,  49,  52,  84, 130, 160, 167, 167, 167, 167, 167, 166, 165, 165;
 190, 190, 191, 192, 193, 193, 193, 193, 184, 142,  77,  34,  25,  32,  43,  50,  50,  46,  43,  45,  47,  50,  55,  60,  64,  68,  69,  65,  60,  63,  70,  77,  82,  83,  86,  92,  97, 100, 101, 102, 103, 101, 104, 113, 122, 129, 133, 138, 142, 147, 152, 155, 154, 153, 153, 154, 155, 154, 149, 140, 129, 122, 116, 111, 107,  99,  90,  87,  90,  92,  92,  87,  77,  72,  76,  80,  82,  85,  88,  91,  97, 110, 124, 128, 122, 102,  73,  52,  58,  94, 137, 162, 168, 167, 167, 167, 167, 166, 165, 165;
 188, 189, 190, 191, 191, 192, 192, 192, 182, 141,  76,  34,  27,  37,  47,  51,  47,  44,  44,  49,  55,  61,  72,  84,  91,  95,  96,  91,  84,  84,  88,  91,  92,  92,  93,  97, 102, 102, 101, 100, 100,  99, 101, 108, 115, 120, 125, 130, 132, 137, 145, 149, 149, 148, 148, 148, 149, 148, 144, 137, 129, 124, 121, 119, 115, 108, 100,  98, 103, 108, 106,  96,  87,  91, 101, 102,  92,  86,  89,  93,  95, 102, 115, 124, 123, 108,  78,  56,  65, 105, 146, 164, 168, 168, 168, 168, 167, 166, 166, 165;
 186, 187, 188, 189, 190, 190, 191, 191, 181, 139,  76,  35,  30,  42,  52,  51,  47,  46,  50,  57,  64,  72,  87, 101, 108, 113, 117, 117, 111, 109, 108, 106, 103, 100,  99,  99, 100, 100,  98,  97,  97,  96,  99, 104, 109, 113, 118, 122, 124, 128, 136, 142, 143, 143, 143, 143, 142, 140, 137, 132, 127, 124, 123, 122, 120, 116, 112, 112, 116, 123, 124, 116, 112, 119, 129, 128, 115, 108, 109, 106,  96,  91, 101, 116, 122, 111,  84,  60,  71, 113, 151, 166, 168, 168, 168, 168, 167, 166, 166, 166;
 185, 185, 186, 188, 189, 189, 190, 188, 174, 131,  71,  34,  33,  46,  54,  52,  48,  51,  58,  65,  73,  83,  97, 110, 117, 122, 128, 131, 130, 129, 128, 124, 118, 112, 106, 101,  96,  93,  91,  90,  91,  91,  94,  98, 102, 107, 111, 116, 119, 123, 129, 134, 138, 139, 139, 137, 134, 131, 128, 125, 122, 120, 119, 119, 118, 117, 118, 121, 126, 133, 139, 139, 139, 146, 152, 149, 140, 135, 133, 122, 103,  88,  90, 106, 119, 114,  90,  69,  80, 119, 153, 166, 168, 169, 168, 168, 167, 167, 167, 167;
 183, 184, 185, 186, 187, 188, 188, 184, 165, 119,  64,  33,  35,  48,  54,  52,  51,  57,  66,  73,  81,  90, 103, 114, 121, 126, 132, 137, 139, 142, 143, 141, 136, 128, 119, 109, 100,  91,  84,  82,  82,  83,  86,  90,  94,  99, 105, 110, 115, 120, 125, 131, 135, 137, 136, 132, 127, 123, 119, 116, 114, 113, 112, 112, 113, 116, 120, 126, 132, 140, 148, 155, 159, 165, 167, 163, 156, 152, 148, 136, 118,  99,  92, 100, 113, 114,  96,  79,  92, 128, 156, 166, 168, 169, 169, 168, 168, 167, 167, 167;
 182, 183, 184, 185, 186, 187, 187, 183, 163, 116,  62,  33,  38,  51,  55,  53,  54,  61,  70,  78,  86,  94, 104, 114, 121, 127, 133, 138, 141, 145, 149, 151, 150, 143, 133, 123, 111,  98,  86,  78,  75,  76,  78,  82,  87,  92,  99, 107, 115, 122, 128, 132, 135, 135, 133, 128, 123, 117, 112, 109, 107, 106, 107, 108, 110, 115, 122, 131, 138, 146, 155, 164, 169, 172, 174, 171, 167, 163, 157, 146, 132, 114, 101, 100, 108, 113, 101,  86, 101, 136, 160, 167, 169, 169, 169, 169, 168, 167, 167, 167;
 181, 181, 182, 183, 185, 186, 186, 184, 169, 124,  67,  37,  43,  55,  57,  54,  56,  63,  71,  80,  88,  96, 104, 113, 119, 125, 130, 135, 138, 142, 147, 154, 156, 150, 141, 133, 123, 111,  96,  82,  73,  70,  73,  77,  82,  89,  99, 110, 121, 131, 137, 140, 140, 137, 132, 127, 122, 116, 110, 105, 103, 104, 105, 108, 110, 115, 124, 135, 144, 152, 160, 167, 171, 173, 174, 174, 173, 169, 162, 151, 137, 122, 109, 103, 108, 113, 104,  92, 107, 142, 164, 169, 170, 170, 169, 169, 168, 168, 167, 167;
 179, 180, 181, 182, 183, 184, 185, 185, 174, 132,  74,  44,  50,  60,  59,  56,  58,  64,  71,  79,  87,  94, 102, 109, 116, 120, 124, 128, 131, 136, 144, 152, 154, 148, 138, 131, 125, 118, 106,  91,  77,  69,  69,  74,  81,  90, 103, 118, 132, 144, 153, 155, 151, 145, 137, 129, 123, 117, 111, 105, 103, 104, 105, 107, 109, 113, 121, 131, 141, 151, 159, 165, 169, 170, 173, 175, 174, 169, 162, 153, 141, 127, 116, 110, 113, 118, 110, 102, 120, 150, 167, 170, 170, 170, 170, 169, 168, 167, 167, 167;
 178, 178, 180, 181, 182, 182, 183, 184, 176, 141,  87,  55,  58,  64,  62,  58,  59,  64,  69,  76,  83,  89,  96, 102, 108, 112, 112, 113, 118, 129, 143, 153, 153, 145, 130, 119, 116, 114, 108,  98,  84,  72,  69,  73,  82,  94, 110, 127, 143, 157, 167, 169, 165, 156, 146, 136, 128, 121, 113, 107, 104, 103, 102, 101, 103, 107, 114, 121, 130, 141, 151, 158, 162, 164, 168, 171, 169, 164, 160, 156, 146, 134, 125, 120, 122, 125, 117, 113, 134, 160, 169, 171, 171, 171, 170, 169, 168, 167, 167, 167;
 177, 177, 178, 180, 181, 181, 182, 182, 178, 155, 110,  73,  64,  66,  64,  60,  60,  63,  67,  72,  76,  79,  82,  87,  94,  97,  96,  94, 101, 118, 137, 149, 148, 137, 122, 111, 106, 102, 100,  98,  89,  77,  71,  74,  85, 100, 117, 134, 151, 166, 176, 179, 174, 165, 156, 146, 135, 126, 117, 109, 104, 100,  95,  91,  91,  98, 106, 112, 118, 127, 140, 150, 154, 156, 160, 162, 160, 158, 156, 155, 149, 141, 134, 129, 129, 130, 120, 117, 139, 163, 171, 171, 171, 171, 170, 169, 168, 168, 167, 167;
 176, 176, 177, 179, 179, 180, 180, 181, 180, 168, 134,  92,  70,  67,  65,  63,  62,  63,  65,  66,  65,  63,  62,  65,  71,  73,  71,  70,  77,  92, 110, 123, 126, 118, 110, 105,  98,  90,  89,  94,  92,  82,  74,  76,  89, 106, 124, 141, 156, 170, 179, 183, 179, 172, 164, 155, 144, 134, 123, 112, 102,  95,  88,  81,  81,  89,  98, 104, 108, 118, 134, 147, 149, 147, 148, 149, 149, 149, 150, 150, 148, 143, 137, 132, 133, 132, 120, 117, 139, 163, 171, 171, 171, 171, 171, 170, 169, 168, 168, 168;
 175, 175, 176, 177, 178, 178, 179, 179, 181, 175, 147, 104,  77,  70,  68,  66,  63,  62,  60,  57,  51,  45,  42,  44,  47,  46,  43,  42,  46,  55,  68,  82,  94, 100, 102, 100,  91,  82,  83,  92,  95,  86,  77,  79,  93, 112, 130, 146, 160, 172, 180, 183, 181, 176, 169, 161, 153, 145, 135, 120, 103,  92,  83,  74,  71,  75,  78,  81,  87, 104, 126, 140, 141, 137, 137, 137, 135, 135, 139, 142, 143, 140, 136, 133, 134, 133, 123, 122, 142, 164, 171, 170, 171, 171, 171, 170, 169, 169, 168, 168;
 174, 174, 175, 176, 177, 177, 177, 178, 180, 176, 151, 109,  80,  74,  73,  69,  65,  60,  55,  48,  39,  32,  29,  30,  34,  35,  32,  27,  26,  32,  39,  51,  73,  99, 112, 108,  94,  81,  81,  91,  95,  89,  82,  83,  96, 114, 132, 149, 162, 172, 179, 181, 180, 176, 170, 163, 158, 156, 149, 130, 105,  85,  73,  66,  61,  55,  48,  46,  53,  71,  92, 106, 112, 117, 123, 124, 118, 115, 121, 130, 135, 135, 135, 134, 135, 135, 131, 134, 150, 166, 170, 170, 170, 171, 171, 170, 169, 168, 168, 168;
 172, 172, 173, 174, 175, 175, 176, 176, 178, 174, 149, 108,  82,  77,  77,  74,  68,  61,  53,  44,  34,  27,  25,  29,  37,  45,  45,  37,  31,  32,  36,  45,  70, 102, 122, 122, 107,  88,  81,  87,  92,  90,  85,  87,  96, 111, 131, 149, 162, 170, 176, 177, 176, 174, 171, 165, 161, 159, 154, 137, 109,  83,  69,  66,  62,  48,  33,  25,  26,  35,  49,  64,  79,  91, 100, 104,  99,  95, 102, 116, 126, 131, 134, 137, 138, 139, 140, 145, 158, 168, 171, 170, 170, 170, 170, 170, 169, 168, 168, 169;
 171, 171, 172, 173, 173, 174, 174, 175, 175, 166, 138, 102,  81,  79,  80,  78,  73,  65,  56,  47,  38,  33,  34,  40,  51,  63,  68,  61,  53,  52,  56,  65,  85, 108, 122, 127, 117, 100,  90,  91,  93,  92,  89,  89,  94, 109, 129, 147, 160, 169, 173, 173, 172, 172, 171, 167, 162, 158, 152, 139, 119,  98,  84,  81,  78,  62,  41,  27,  20,  20,  32,  55,  78,  85,  81,  79,  79,  80,  88, 104, 119, 129, 136, 140, 143, 144, 144, 148, 160, 168, 171, 170, 170, 170, 170, 170, 170, 171, 173, 174;
 170, 170, 171, 172, 172, 172, 173, 174, 171, 154, 120,  90,  79,  81,  84,  83,  79,  71,  63,  56,  50,  47,  50,  58,  69,  79,  85,  83,  79,  80,  84,  94, 111, 124, 129, 129, 123, 112, 104, 101,  99,  98,  94,  90,  94, 108, 128, 145, 159, 167, 170, 170, 169, 169, 170, 169, 164, 159, 153, 145, 135, 122, 109, 104,  99,  85,  64,  45,  30,  27,  44,  76, 101, 102,  86,  73,  71,  76,  85, 101, 117, 129, 138, 145, 148, 147, 144, 147, 158, 168, 170, 171, 171, 172, 173, 175, 176, 179, 182, 184;
 169, 170, 170, 171, 171, 171, 172, 173, 168, 143, 105,  80,  76,  82,  87,  88,  84,  79,  73,  68,  65,  66,  70,  78,  86,  93,  97,  99, 100, 104, 108, 115, 129, 138, 138, 135, 128, 120, 113, 109, 108, 106, 100,  93,  95, 110, 128, 144, 157, 165, 168, 168, 167, 165, 167, 170, 169, 164, 157, 153, 148, 139, 129, 123, 117, 107,  93,  75,  61,  60,  77, 106, 124, 123, 110,  97,  89,  88,  94, 106, 121, 133, 143, 151, 153, 150, 145, 147, 159, 169, 172, 174, 176, 178, 181, 184, 187, 189, 191, 193;
 168, 169, 169, 170, 170, 170, 171, 172, 166, 140, 101,  77,  77,  84,  91,  92,  90,  87,  84,  82,  82,  85,  91,  98, 103, 106, 109, 113, 117, 122, 124, 126, 134, 141, 141, 138, 132, 124, 118, 116, 116, 113, 104,  95,  97, 112, 130, 145, 157, 165, 167, 167, 165, 163, 165, 170, 174, 170, 164, 161, 159, 154, 147, 140, 132, 124, 116, 108, 104, 109, 118, 130, 139, 140, 135, 128, 119, 113, 114, 121, 130, 141, 150, 157, 158, 153, 148, 151, 163, 174, 179, 181, 185, 188, 191, 193, 195, 196, 196, 196;
 167, 168, 169, 169, 169, 169, 170, 171, 166, 141, 102,  79,  78,  85,  92,  95,  96,  96,  97,  98,  99, 103, 110, 116, 119, 121, 123, 127, 131, 135, 135, 133, 135, 140, 140, 137, 133, 127, 123, 121, 120, 115, 103,  96, 102, 117, 134, 148, 158, 165, 167, 167, 165, 163, 165, 171, 177, 177, 172, 168, 169, 168, 162, 154, 147, 140, 134, 131, 136, 143, 144, 143, 148, 153, 152, 147, 142, 137, 134, 136, 140, 148, 156, 162, 162, 156, 151, 155, 171, 184, 189, 191, 194, 196, 197, 197, 198, 198, 197, 197;
 167, 167, 168, 169, 169, 168, 169, 169, 160, 133,  98,  79,  80,  86,  92,  97, 101, 105, 108, 111, 114, 119, 124, 129, 132, 133, 135, 137, 140, 142, 140, 137, 137, 140, 140, 137, 132, 128, 125, 124, 121, 111, 100,  98, 108, 123, 138, 150, 159, 165, 167, 167, 165, 164, 166, 172, 180, 183, 180, 176, 174, 173, 168, 163, 159, 156, 152, 150, 154, 159, 155, 151, 156, 161, 159, 156, 154, 151, 147, 145, 146, 150, 157, 162, 163, 158, 153, 159, 177, 192, 197, 198, 198, 199, 199, 199, 199, 198, 198, 198;
 166, 166, 167, 168, 168, 168, 166, 159, 140, 110,  85,  76,  80,  86,  92,  98, 104, 111, 117, 122, 126, 130, 135, 139, 141, 141, 142, 143, 144, 145, 143, 140, 139, 140, 139, 136, 132, 128, 125, 123, 117, 106,  97, 101, 114, 129, 142, 153, 160, 165, 168, 167, 165, 164, 166, 174, 183, 188, 186, 182, 178, 174, 171, 168, 168, 168, 167, 168, 169, 169, 166, 165, 168, 169, 165, 163, 163, 160, 155, 150, 150, 152, 156, 161, 163, 159, 155, 162, 181, 195, 199, 200, 200, 200, 200, 199, 199, 199, 198, 198;
 165, 165, 166, 166, 167, 167, 162, 145, 114,  86,  73,  73,  79,  86,  92,  99, 107, 115, 123, 129, 134, 138, 141, 144, 146, 147, 146, 147, 148, 147, 145, 143, 141, 141, 139, 136, 131, 125, 122, 120, 112, 100,  96, 104, 119, 134, 146, 155, 162, 167, 169, 168, 166, 165, 167, 175, 184, 188, 187, 186, 183, 179, 177, 175, 175, 174, 175, 177, 179, 178, 177, 178, 181, 179, 175, 173, 171, 167, 162, 158, 156, 155, 156, 158, 160, 158, 156, 164, 183, 197, 200, 200, 200, 200, 200, 199, 199, 199, 198, 198;
 164, 164, 164, 165, 165, 166, 160, 137, 100,  73,  68,  73,  78,  85,  93, 100, 108, 117, 125, 133, 139, 142, 145, 148, 151, 152, 150, 150, 149, 148, 147, 145, 143, 141, 137, 134, 128, 122, 118, 114, 105,  95,  95, 106, 123, 138, 150, 158, 165, 169, 170, 169, 167, 166, 168, 174, 181, 184, 185, 188, 188, 185, 183, 181, 180, 177, 177, 180, 182, 182, 183, 186, 188, 187, 185, 181, 178, 174, 169, 165, 162, 159, 156, 155, 156, 156, 156, 165, 183, 196, 200, 200, 200, 200, 199, 199, 199, 199, 198, 198;
 163, 163, 163, 164, 164, 165, 161, 137,  98,  71,  67,  72,  78,  85,  94, 102, 109, 117, 126, 134, 140, 145, 147, 150, 153, 154, 153, 150, 148, 147, 146, 145, 142, 138, 136, 133, 127, 120, 114, 107,  97,  90,  95, 109, 127, 142, 154, 163, 169, 172, 171, 169, 167, 167, 168, 171, 176, 180, 184, 188, 190, 189, 187, 184, 180, 178, 178, 180, 182, 183, 185, 190, 192, 192, 190, 187, 183, 180, 175, 171, 167, 164, 159, 154, 154, 154, 155, 163, 180, 194, 199, 199, 199, 199, 199, 199, 199, 199, 198, 198;
 162, 162, 162, 163, 163, 164, 160, 137,  99,  72,  67,  72,  78,  86,  95, 102, 108, 116, 125, 134, 140, 145, 148, 149, 150, 150, 150, 148, 146, 145, 145, 144, 141, 137, 135, 133, 128, 119, 110, 100,  90,  87,  96, 113, 131, 146, 158, 167, 173, 175, 173, 170, 168, 167, 167, 168, 172, 178, 183, 187, 189, 190, 188, 183, 178, 177, 179, 179, 179, 180, 185, 191, 193, 193, 191, 190, 188, 185, 181, 176, 173, 170, 164, 158, 154, 153, 153, 160, 175, 191, 198, 199, 199, 199, 199, 199, 199, 199, 198, 198;
 160, 160, 161, 162, 162, 163, 158, 135,  98,  72,  67,  72,  79,  88,  96, 101, 107, 115, 125, 133, 138, 143, 147, 147, 144, 142, 144, 145, 144, 144, 145, 144, 141, 137, 135, 133, 127, 118, 106,  93,  85,  87,  99, 116, 135, 151, 162, 171, 176, 178, 177, 174, 172, 169, 167, 167, 170, 176, 181, 184, 186, 188, 187, 182, 178, 178, 179, 177, 175, 177, 183, 189, 191, 190, 191, 192, 191, 188, 185, 182, 178, 175, 170, 163, 157, 153, 152, 156, 171, 187, 197, 199, 199, 199, 199, 199, 199, 199, 198, 198;
 159, 159, 160, 161, 162, 162, 157, 133,  95,  70,  66,  72,  80,  88,  94, 100, 106, 114, 123, 131, 136, 140, 144, 144, 140, 138, 140, 143, 144, 146, 147, 146, 143, 139, 137, 135, 127, 115, 100,  88,  83,  89, 101, 118, 136, 152, 163, 173, 180, 184, 185, 183, 179, 174, 169, 167, 169, 174, 180, 182, 183, 185, 185, 182, 178, 179, 180, 179, 176, 176, 182, 186, 186, 187, 190, 193, 192, 190, 188, 186, 183, 179, 173, 167, 160, 154, 151, 152, 165, 184, 196, 199, 199, 199, 199, 199, 199, 199, 198, 198;
 158, 159, 159, 160, 161, 162, 157, 131,  91,  67,  65,  72,  79,  87,  93,  98, 104, 113, 121, 128, 132, 136, 139, 140, 139, 138, 140, 144, 145, 147, 148, 148, 145, 142, 140, 137, 127, 111,  95,  86,  85,  92, 104, 119, 135, 151, 164, 176, 185, 191, 193, 193, 187, 180, 172, 167, 167, 171, 178, 180, 180, 181, 182, 180, 177, 177, 180, 182, 180, 180, 182, 184, 184, 186, 190, 193, 192, 192, 191, 190, 186, 181, 176, 170, 164, 157, 151, 148, 159, 180, 195, 199, 199, 199, 199, 199, 199, 199, 198, 198;
 157, 158, 158, 159, 160, 161, 156, 130,  89,  65,  64,  71,  79,  86,  92,  97, 104, 111, 119, 125, 129, 132, 135, 137, 138, 137, 139, 143, 145, 147, 149, 148, 146, 143, 141, 136, 123, 108,  95,  90,  91,  96, 106, 119, 134, 150, 166, 180, 188, 191, 192, 193, 189, 181, 174, 168, 165, 167, 172, 176, 176, 177, 178, 180, 178, 177, 178, 181, 183, 184, 184, 183, 184, 186, 190, 192, 193, 192, 192, 190, 186, 182, 177, 171, 165, 158, 150, 146, 155, 177, 195, 199, 199, 200, 200, 199, 199, 199, 198, 198;
 156, 156, 157, 158, 159, 160, 155, 128,  87,  63,  63,  71,  79,  85,  92,  98, 105, 111, 118, 123, 127, 130, 133, 135, 136, 134, 135, 141, 145, 148, 148, 148, 147, 145, 140, 130, 116, 104,  99,  97,  97,  98, 105, 117, 132, 149, 165, 179, 185, 184, 183, 183, 181, 176, 172, 169, 165, 164, 165, 169, 172, 174, 176, 179, 180, 179, 178, 179, 181, 183, 183, 183, 184, 185, 188, 191, 192, 192, 190, 187, 183, 179, 174, 169, 164, 157, 150, 147, 156, 178, 195, 199, 199, 200, 200, 199, 199, 198, 198, 198;
 155, 156, 156, 157, 158, 159, 153, 124,  82,  60,  62,  71,  79,  85,  92,  98, 105, 110, 115, 121, 125, 129, 131, 133, 133, 132, 133, 140, 145, 148, 148, 147, 146, 143, 135, 121, 108, 102, 102, 104, 102,  99, 102, 112, 127, 143, 159, 171, 176, 175, 172, 170, 168, 167, 168, 169, 168, 165, 163, 164, 168, 171, 174, 177, 180, 180, 178, 180, 182, 182, 182, 183, 184, 185, 187, 189, 190, 189, 187, 184, 180, 176, 171, 166, 161, 155, 150, 149, 161, 182, 196, 199, 199, 199, 199, 199, 199, 198, 198, 197;
 155, 155, 156, 156, 157, 158, 151, 119,  76,  57,  62,  72,  79,  85,  90,  97, 102, 107, 112, 117, 123, 127, 129, 131, 132, 132, 135, 140, 145, 148, 148, 146, 142, 137, 127, 112, 102, 101, 105, 107, 103,  97,  95, 104, 119, 135, 150, 161, 166, 166, 162, 158, 155, 156, 161, 167, 170, 169, 166, 163, 163, 167, 172, 177, 180, 179, 178, 184, 187, 185, 184, 185, 185, 186, 188, 188, 186, 185, 185, 182, 178, 173, 169, 164, 159, 153, 149, 151, 166, 185, 196, 199, 199, 199, 199, 199, 198, 198, 198, 197;
 155, 155, 156, 156, 157, 157, 149, 116,  73,  54,  62,  72,  78,  83,  88,  93,  99, 103, 109, 115, 121, 125, 128, 131, 132, 134, 137, 141, 145, 149, 151, 146, 140, 131, 117, 103,  98, 102, 106, 103,  93,  80,  77,  88, 106, 123, 138, 150, 156, 156, 150, 143, 137, 138, 147, 158, 167, 172, 171, 165, 161, 163, 170, 178, 181, 180, 180, 186, 190, 188, 186, 186, 186, 187, 188, 186, 184, 182, 182, 180, 176, 172, 168, 164, 158, 151, 147, 152, 170, 188, 197, 199, 199, 199, 199, 199, 198, 198, 198, 197;
 155, 155, 156, 156, 156, 157, 149, 115,  71,  52,  60,  71,  77,  81,  85,  90,  96, 101, 106, 113, 119, 123, 126, 129, 133, 135, 138, 142, 147, 152, 153, 147, 138, 125, 107,  95,  95, 101, 100,  89,  69,  52,  49,  62,  84, 105, 122, 135, 142, 141, 130, 114, 102, 102, 115, 136, 155, 167, 170, 167, 162, 161, 167, 176, 181, 182, 183, 187, 189, 188, 186, 186, 186, 187, 187, 185, 182, 179, 177, 177, 174, 170, 166, 163, 158, 151, 147, 155, 174, 191, 197, 198, 198, 198, 199, 198, 198, 198, 198, 197;
 155, 155, 156, 156, 156, 156, 148, 114,  69,  49,  57,  69,  75,  79,  83,  88,  93,  98, 104, 110, 115, 119, 123, 127, 131, 136, 139, 144, 150, 154, 153, 148, 136, 120, 100,  87,  90,  97,  93,  75,  52,  34,  30,  39,  57,  80, 101, 116, 125, 124, 107,  80,  61,  57,  72, 101, 131, 151, 162, 165, 162, 159, 163, 171, 178, 182, 184, 186, 186, 185, 185, 185, 186, 187, 187, 185, 180, 176, 174, 173, 171, 167, 163, 160, 157, 151, 147, 156, 178, 193, 197, 198, 198, 198, 198, 198, 198, 198, 197, 197;
 154, 155, 155, 156, 156, 156, 148, 114,  67,  46,  54,  67,  74,  78,  82,  86,  91,  96, 101, 107, 112, 118, 122, 126, 131, 136, 140, 145, 151, 155, 155, 150, 139, 120,  97,  82,  84,  93,  91,  76,  56,  40,  32,  33,  45,  62,  81,  99, 113, 116, 101,  74,  51,  41,  46,  68,  99, 127, 146, 156, 157, 156, 160, 167, 173, 178, 182, 185, 184, 183, 183, 185, 186, 188, 188, 184, 178, 173, 172, 171, 167, 163, 159, 157, 154, 148, 145, 155, 178, 194, 197, 197, 198, 198, 198, 198, 198, 197, 197, 197;
 155, 155, 155, 155, 155, 156, 148, 116,  69,  45,  51,  64,  72,  77,  81,  83,  87,  93,  98, 104, 111, 118, 123, 127, 131, 136, 140, 144, 150, 155, 155, 152, 142, 125, 102,  84,  80,  86,  89,  82,  70,  56,  46,  45,  50,  60,  75,  94, 113, 124, 119, 101,  80,  64,  57,  61,  78, 103, 127, 143, 151, 155, 160, 165, 169, 172, 177, 181, 183, 183, 184, 186, 187, 187, 186, 181, 174, 170, 170, 168, 164, 160, 157, 155, 152, 145, 139, 149, 174, 192, 197, 197, 198, 198, 198, 198, 198, 197, 197, 197;
 155, 155, 155, 155, 155, 155, 149, 119,  73,  46,  49,  61,  71,  77,  79,  81,  85,  90,  97, 103, 110, 117, 123, 126, 130, 135, 139, 144, 150, 154, 155, 152, 144, 131, 113,  94,  83,  80,  81,  79,  74,  65,  60,  63,  70,  78,  90, 107, 127, 142, 146, 136, 120, 105,  93,  83,  82,  93, 113, 132, 147, 159, 165, 167, 166, 167, 172, 178, 183, 184, 185, 187, 187, 186, 183, 177, 170, 167, 167, 164, 161, 158, 155, 154, 151, 142, 131, 137, 165, 190, 197, 197, 198, 198, 198, 198, 198, 197, 197, 197;
 155, 155, 154, 154, 154, 155, 150, 121,  74,  45,  45,  57,  68,  76,  80,  81,  84,  90,  97, 104, 109, 115, 121, 125, 129, 134, 139, 145, 150, 154, 156, 153, 147, 137, 124, 110,  96,  86,  79,  76,  74,  72,  75,  84,  95, 107, 119, 132, 146, 156, 161, 156, 145, 137, 131, 119, 105, 103, 115, 134, 152, 167, 173, 171, 167, 167, 170, 175, 180, 182, 183, 184, 185, 184, 181, 175, 169, 166, 165, 162, 159, 156, 154, 152, 149, 140, 127, 131, 161, 188, 197, 198, 198, 198, 198, 198, 197, 197, 197, 197;
 154, 154, 154, 154, 154, 155, 149, 121,  75,  44,  41,  52,  64,  74,  79,  82,  85,  91,  98, 104, 109, 114, 119, 123, 128, 134, 140, 145, 150, 154, 155, 153, 147, 139, 131, 123, 113, 103,  93,  86,  83,  84,  91, 103, 118, 131, 143, 152, 158, 160, 160, 155, 150, 152, 155, 147, 132, 126, 133, 148, 164, 175, 179, 176, 171, 169, 169, 171, 175, 176, 176, 179, 182, 183, 180, 174, 169, 166, 163, 160, 158, 155, 153, 150, 146, 139, 134, 143, 168, 189, 197, 198, 198, 198, 198, 198, 197, 197, 197, 197;
 154, 154, 154, 154, 154, 154, 149, 123,  79,  46,  38,  47,  59,  70,  76,  81,  85,  91,  98, 104, 109, 113, 118, 122, 128, 135, 140, 145, 149, 151, 151, 148, 142, 137, 132, 127, 121, 113, 104,  95,  89,  91, 101, 115, 129, 141, 151, 160, 161, 154, 149, 145, 144, 151, 158, 156, 151, 150, 156, 166, 175, 180, 182, 179, 175, 171, 168, 169, 171, 172, 171, 174, 178, 180, 177, 173, 169, 166, 162, 159, 156, 153, 151, 149, 143, 137, 142, 162, 182, 193, 197, 198, 198, 198, 198, 197, 197, 197, 197, 197;
 154, 154, 154, 154, 154, 154, 150, 130,  92,  54,  38,  42,  54,  65,  73,  79,  84,  90,  95, 102, 108, 113, 116, 120, 127, 134, 140, 144, 147, 148, 146, 141, 136, 132, 128, 124, 118, 109, 100,  91,  85,  87, 100, 116, 128, 137, 147, 155, 153, 141, 135, 137, 139, 141, 145, 149, 155, 164, 171, 176, 180, 182, 183, 182, 179, 175, 170, 170, 172, 172, 171, 173, 176, 177, 175, 172, 170, 166, 161, 158, 154, 151, 150, 147, 139, 130, 140, 168, 190, 196, 197, 197, 198, 198, 198, 197, 197, 197, 197, 196;
 155, 155, 154, 154, 154, 154, 152, 141, 109,  64,  38,  38,  50,  61,  70,  78,  84,  88,  93, 100, 107, 112, 116, 120, 125, 132, 138, 142, 145, 145, 141, 136, 132, 128, 122, 117, 111, 102,  90,  83,  79,  81,  92, 109, 122, 130, 140, 148, 142, 128, 125, 132, 135, 131, 131, 138, 150, 163, 172, 175, 178, 181, 183, 184, 183, 180, 175, 173, 173, 173, 173, 175, 176, 175, 173, 172, 170, 166, 161, 157, 154, 152, 150, 145, 132, 118, 128, 162, 189, 196, 197, 197, 197, 197, 197, 197, 197, 197, 196, 196;
 156, 156, 155, 154, 154, 154, 154, 149, 119,  71,  39,  36,  46,  58,  68,  77,  83,  87,  92, 100, 107, 111, 115, 120, 125, 130, 135, 139, 141, 140, 136, 132, 128, 124, 117, 110, 105,  97,  85,  79,  79,  79,  86, 102, 120, 132, 143, 148, 138, 124, 122, 130, 130, 124, 125, 134, 142, 153, 163, 168, 172, 178, 183, 185, 185, 182, 178, 174, 173, 173, 175, 177, 177, 174, 172, 171, 169, 165, 161, 157, 154, 152, 150, 142, 124, 107, 118, 157, 187, 196, 196, 197, 197, 197, 197, 197, 197, 196, 196, 196;
 157, 156, 155, 155, 155, 156, 158, 153, 122,  70,  37,  34,  45,  56,  67,  75,  82,  86,  91,  99, 105, 110, 114, 120, 125, 128, 130, 132, 132, 130, 127, 124, 122, 119, 112, 104, 100,  94,  83,  78,  79,  79,  85, 105, 127, 141, 150, 153, 142, 129, 128, 130, 126, 121, 123, 131, 135, 141, 150, 158, 165, 174, 180, 183, 183, 182, 179, 174, 172, 171, 173, 175, 174, 172, 170, 169, 167, 164, 160, 157, 155, 152, 148, 136, 115, 101, 118, 158, 187, 195, 196, 197, 197, 197, 197, 197, 197, 196, 196, 196;
 158, 158, 158, 158, 160, 161, 163, 156, 121,  66,  34,  33,  44,  56,  66,  73,  79,  85,  90,  97, 103, 108, 113, 119, 122, 122, 120, 119, 119, 117, 113, 109, 108, 107, 102,  94,  90,  85,  79,  77,  78,  80,  93, 116, 136, 146, 153, 154, 142, 132, 132, 133, 128, 123, 123, 125, 125, 128, 138, 149, 157, 165, 172, 174, 173, 174, 175, 173, 169, 168, 170, 171, 170, 169, 169, 167, 164, 162, 160, 158, 156, 152, 143, 127, 107, 103, 127, 164, 188, 195, 196, 197, 197, 197, 197, 197, 196, 196, 195, 195;
 162, 163, 163, 164, 165, 167, 167, 157, 119,  66,  34,  32,  43,  54,  63,  70,  76,  82,  88,  95, 101, 107, 112, 117, 118, 116, 110, 106, 105, 103,  96,  89,  88,  88,  84,  78,  75,  75,  76,  77,  80,  88, 107, 130, 144, 150, 154, 151, 140, 132, 136, 142, 142, 137, 132, 128, 122, 121, 130, 137, 141, 146, 153, 156, 154, 157, 165, 169, 168, 167, 167, 166, 165, 166, 167, 166, 163, 161, 160, 158, 156, 149, 136, 116, 101, 110, 141, 172, 189, 195, 196, 197, 197, 197, 197, 197, 196, 196, 195, 195;
 167, 167, 168, 169, 169, 170, 169, 159, 125,  76,  41,  33,  40,  50,  59,  67,  74,  80,  86,  94, 100, 105, 110, 114, 115, 112, 104,  97,  94,  90,  82,  73,  71,  71,  68,  66,  68,  74,  80,  85,  89, 100, 119, 138, 149, 153, 154, 150, 141, 138, 145, 156, 160, 156, 148, 141, 133, 127, 125, 123, 124, 127, 133, 139, 139, 140, 150, 159, 162, 163, 165, 163, 163, 165, 167, 165, 162, 160, 159, 157, 153, 143, 126, 107,  98, 114, 151, 180, 192, 195, 196, 197, 197, 197, 197, 196, 196, 195, 195, 194;
 170, 170, 171, 170, 170, 171, 170, 164, 141,  97,  54,  35,  38,  47,  56,  65,  74,  79,  85,  92,  98, 102, 106, 111, 113, 107,  96,  85,  80,  78,  72,  65,  62,  60,  60,  64,  73,  82,  90,  96,  99, 106, 119, 133, 143, 148, 151, 149, 145, 145, 151, 159, 163, 162, 159, 155, 150, 140, 126, 117, 115, 116, 121, 129, 131, 131, 137, 144, 147, 152, 159, 162, 163, 165, 165, 163, 160, 159, 156, 152, 145, 134, 119, 104,  99, 118, 156, 184, 193, 195, 196, 197, 197, 197, 196, 196, 195, 195, 194, 194;
 172, 172, 171, 171, 171, 171, 172, 170, 156, 117,  66,  39,  38,  47,  56,  66,  74,  80,  85,  91,  96, 100, 103, 108, 109, 103,  89,  75,  67,  65,  63,  60,  58,  57,  60,  70,  82,  91,  96,  99, 100, 102, 109, 117, 124, 132, 141, 146, 146, 145, 145, 146, 146, 150, 154, 158, 159, 151, 136, 123, 114, 109, 110, 116, 118, 120, 125, 128, 130, 139, 152, 161, 163, 164, 163, 160, 157, 156, 153, 145, 136, 126, 114, 103, 103, 125, 161, 186, 194, 195, 196, 196, 196, 196, 196, 195, 195, 195, 194, 194;
 172, 172, 172, 171, 171, 172, 172, 172, 162, 124,  71,  41,  39,  46,  54,  63,  71,  78,  85,  91,  95, 100, 103, 107, 107, 101,  91,  78,  65,  59,  59,  60,  60,  62,  69,  78,  87,  91,  92,  92,  92,  95, 100, 103, 105, 111, 124, 136, 139, 137, 134, 133, 131, 132, 137, 144, 150, 149, 144, 136, 122, 109, 104, 102, 101, 104, 113, 119, 124, 135, 151, 160, 162, 162, 161, 159, 156, 152, 148, 141, 133, 126, 115, 102, 107, 138, 172, 189, 194, 195, 196, 196, 196, 195, 195, 195, 194, 194, 194, 194;
 172, 172, 171, 171, 171, 172, 172, 172, 161, 125,  74,  44,  39,  44,  50,  57,  65,  75,  84,  89,  94, 100, 104, 107, 106, 101,  95,  86,  72,  63,  65,  68,  68,  70,  76,  82,  84,  84,  83,  84,  86,  90,  94,  96,  96,  99, 110, 123, 128, 126, 127, 129, 127, 124, 122, 125, 128, 132, 138, 142, 135, 122, 110, 100,  94,  96, 106, 118, 129, 140, 153, 160, 161, 161, 161, 159, 156, 149, 143, 139, 136, 131, 119, 105, 114, 150, 181, 192, 193, 195, 195, 195, 195, 195, 195, 194, 194, 194, 193, 193;
 172, 172, 171, 171, 171, 171, 172, 171, 163, 134,  90,  53,  40,  42,  46,  52,  60,  72,  82,  87,  92,  98, 104, 107, 106, 100,  96,  90,  81,  74,  76,  76,  73,  70,  72,  74,  74,  74,  75,  79,  83,  87,  90,  92,  93,  95, 102, 112, 118, 118, 121, 124, 124, 123, 120, 115, 112, 115, 122, 132, 136, 132, 120, 106,  99,  99, 106, 117, 128, 142, 154, 158, 159, 159, 160, 159, 154, 146, 140, 138, 136, 129, 117, 108, 123, 158, 185, 192, 193, 194, 195, 195, 195, 195, 194, 194, 194, 193, 193, 193;
 172, 171, 171, 170, 170, 171, 171, 171, 167, 150, 114,  70,  45,  41,  45,  50,  58,  71,  80,  85,  90,  97, 103, 108, 107, 102,  97,  95,  92,  89,  87,  80,  69,  60,  56,  57,  61,  64,  67,  72,  77,  82,  84,  85,  85,  87,  94, 106, 112, 112, 113, 113, 115, 119, 117, 109, 101, 101, 107, 114, 119, 120, 116, 108, 102, 101, 104, 109, 119, 136, 152, 159, 158, 158, 158, 157, 151, 144, 137, 135, 130, 118, 105, 106, 132, 166, 185, 192, 193, 194, 195, 195, 194, 194, 194, 194, 194, 193, 192, 192;
 171, 171, 170, 170, 170, 170, 171, 171, 170, 162, 136,  91,  55,  44,  46,  50,  56,  67,  77,  83,  88,  96, 103, 109, 111, 109, 104, 102, 102, 100,  96,  85,  70,  57,  50,  49,  52,  55,  59,  63,  67,  71,  72,  71,  72,  78,  90, 103, 109, 106, 103, 103, 105, 108, 105,  95,  87,  89,  96, 100,  99,  96,  97,  99,  99,  98,  97,  98, 108, 129, 150, 159, 159, 157, 155, 153, 149, 141, 134, 129, 121, 107,  94, 104, 140, 173, 187, 191, 193, 194, 194, 194, 194, 194, 194, 194, 193, 192, 192, 192;
 170, 170, 169, 169, 169, 170, 170, 171, 171, 169, 153, 113,  67,  47,  49,  52,  56,  64,  72,  78,  85,  94, 103, 110, 115, 115, 111, 108, 108, 107, 104,  95,  80,  67,  60,  57,  55,  55,  57,  58,  60,  63,  65,  66,  69,  80,  94, 107, 110, 105, 102, 106, 111, 111, 105,  94,  87,  87,  94, 100,  98,  92,  92,  96,  99,  98,  96,  94, 103, 126, 148, 159, 160, 156, 153, 150, 147, 140, 131, 122, 114, 103,  94, 108, 146, 177, 188, 192, 193, 194, 194, 194, 194, 194, 193, 193, 192, 192, 191, 191;
 168, 168, 168, 168, 169, 169, 170, 171, 172, 172, 162, 126,  75,  49,  49,  54,  57,  63,  68,  73,  81,  90, 100, 109, 116, 117, 115, 113, 111, 111, 110, 104,  94,  83,  77,  73,  69,  64,  62,  63,  67,  71,  75,  78,  86,  97, 107, 114, 116, 112, 112, 121, 130, 133, 129, 121, 110, 102, 104, 114, 118, 114, 114, 114, 111, 107, 104, 101, 108, 128, 147, 157, 158, 156, 152, 147, 144, 139, 129, 118, 109, 102, 102, 122, 156, 180, 189, 192, 193, 193, 194, 193, 193, 193, 193, 192, 192, 191, 191, 191;
 167, 167, 167, 167, 167, 168, 169, 170, 171, 171, 164, 133,  84,  52,  46,  52,  58,  62,  65,  69,  77,  86,  96, 107, 114, 117, 117, 115, 113, 112, 112, 111, 105,  96,  90,  85,  81,  77,  73,  74,  80,  86,  90,  95, 104, 112, 116, 120, 120, 118, 123, 135, 144, 147, 148, 145, 134, 122, 122, 133, 139, 139, 140, 137, 127, 119, 115, 112, 116, 130, 146, 154, 156, 154, 149, 142, 138, 136, 127, 115, 104,  98, 108, 139, 169, 184, 189, 191, 192, 193, 193, 193, 193, 192, 192, 192, 191, 191, 191, 190;
 165, 165, 165, 166, 166, 168, 169, 170, 170, 171, 165, 142, 100,  60,  45,  49,  55,  58,  61,  68,  76,  85,  95, 105, 113, 117, 117, 115, 112, 111, 112, 113, 110, 104,  97,  92,  90,  88,  86,  86,  90,  95,  98, 103, 110, 113, 116, 121, 121, 121, 131, 143, 147, 147, 148, 148, 144, 138, 138, 146, 150, 149, 151, 149, 139, 128, 123, 120, 121, 129, 141, 150, 152, 151, 145, 136, 131, 130, 125, 114, 102,  97, 113, 151, 179, 188, 190, 191, 192, 192, 192, 192, 192, 192, 192, 191, 191, 191, 190, 190;
 163, 164, 164, 165, 166, 167, 168, 169, 170, 171, 168, 155, 120,  76,  52,  51,  54,  57,  62,  71,  79,  87,  96, 105, 113, 117, 116, 113, 110, 109, 110, 111, 111, 108, 103,  97,  96,  96,  95,  94,  96, 101, 103, 107, 109, 109, 114, 124, 127, 129, 137, 146, 148, 147, 147, 146, 146, 148, 151, 153, 154, 154, 156, 155, 146, 135, 129, 126, 125, 127, 135, 144, 148, 147, 142, 133, 128, 125, 119, 112, 105, 104, 124, 160, 184, 190, 191, 192, 192, 192, 192, 191, 192, 192, 191, 191, 191, 190, 190, 189;
 161, 162, 162, 163, 165, 166, 168, 169, 170, 170, 170, 163, 139,  99,  66,  56,  57,  60,  63,  70,  79,  87,  96, 105, 112, 115, 114, 110, 109, 108, 108, 109, 110, 110, 106, 102, 100, 100, 100,  99, 102, 106, 109, 111, 111, 111, 118, 131, 139, 140, 143, 146, 149, 151, 151, 150, 151, 155, 158, 158, 158, 159, 161, 159, 150, 141, 137, 135, 131, 129, 133, 140, 144, 144, 138, 131, 128, 123, 113, 106, 105, 113, 138, 169, 186, 191, 191, 192, 192, 191, 191, 191, 191, 191, 191, 190, 190, 190, 189, 189;
 160, 160, 161, 162, 164, 166, 167, 168, 169, 170, 170, 167, 152, 117,  77,  56,  55,  58,  58,  62,  73,  84,  94, 104, 109, 109, 107, 104, 105, 106, 106, 107, 109, 110, 108, 106, 104, 103, 104, 105, 108, 111, 112, 113, 113, 114, 120, 130, 139, 141, 141, 143, 149, 153, 156, 156, 157, 159, 160, 160, 162, 164, 164, 161, 153, 146, 145, 143, 137, 133, 136, 140, 142, 140, 132, 125, 124, 120, 107,  99, 103, 121, 150, 176, 188, 190, 191, 191, 191, 191, 191, 191, 191, 191, 190, 189, 189, 189, 188, 188;
 158, 159, 160, 161, 163, 164, 166, 167, 168, 169, 170, 169, 158, 126,  82,  54,  49,  51,  51,  55,  66,  80,  92, 101, 104, 103, 100,  97,  98, 102, 105, 107, 108, 108, 108, 108, 106, 106, 107, 109, 111, 113, 113, 111, 110, 111, 113, 118, 123, 127, 129, 133, 140, 147, 153, 156, 158, 159, 160, 161, 164, 166, 166, 162, 156, 151, 150, 146, 138, 135, 138, 141, 140, 137, 130, 122, 118, 111,  99,  94, 106, 134, 164, 183, 189, 190, 191, 191, 191, 190, 190, 190, 190, 190, 189, 189, 188, 188, 187, 187;
 156, 157, 158, 159, 161, 163, 165, 166, 166, 165, 164, 163, 156, 133,  95,  60,  45,  44,  47,  52,  63,  76,  89,  96,  98,  98,  95,  91,  93,  99, 104, 106, 107, 107, 107, 108, 107, 107, 109, 110, 112, 112, 111, 109, 106, 103, 100, 100, 102, 105, 111, 119, 127, 135, 143, 151, 156, 159, 161, 163, 165, 166, 165, 162, 156, 151, 146, 141, 135, 133, 137, 139, 137, 135, 131, 124, 112,  99,  90,  92, 114, 149, 177, 187, 189, 190, 190, 190, 190, 190, 189, 189, 189, 189, 188, 188, 187, 187, 187, 186;
 155, 155, 156, 158, 159, 162, 165, 168, 165, 155, 147, 146, 144, 137, 113,  74,  46,  40,  45,  51,  60,  73,  85,  91,  93,  93,  90,  88,  92,  99, 104, 106, 106, 106, 107, 108, 108, 109, 110, 111, 111, 111, 109, 109, 106,  98,  88,  84,  84,  87,  98, 111, 120, 127, 137, 147, 154, 159, 162, 164, 166, 165, 163, 159, 155, 148, 141, 135, 132, 131, 134, 135, 133, 131, 130, 124, 108,  91,  87,  99, 125, 159, 182, 189, 189, 189, 189, 189, 189, 189, 188, 188, 188, 188, 188, 187, 187, 186, 186, 186;
 155, 156, 159, 160, 162, 166, 171, 171, 159, 137, 127, 132, 138, 140, 125,  85,  49,  39,  42,  49,  57,  69,  80,  86,  88,  89,  88,  89,  95, 102, 105, 106, 105, 106, 107, 108, 109, 111, 112, 113, 112, 112, 111, 110, 107,  96,  84,  77,  76,  82,  97, 113, 122, 127, 135, 146, 154, 159, 161, 163, 164, 163, 159, 154, 151, 146, 138, 132, 130, 130, 132, 131, 128, 127, 126, 121, 103,  88,  94, 118, 146, 170, 184, 188, 189, 189, 189, 189, 189, 188, 188, 188, 188, 187, 187, 187, 186, 185, 185, 185;
 160, 163, 170, 173, 174, 177, 180, 171, 148, 126, 126, 139, 148, 147, 129,  91,  55,  40,  40,  46,  55,  66,  75,  80,  83,  87,  90,  93,  99, 103, 105, 105, 104, 105, 107, 110, 112, 115, 116, 116, 116, 116, 115, 113, 108,  99,  90,  87,  88,  95, 106, 120, 130, 134, 139, 146, 152, 156, 158, 160, 160, 158, 153, 148, 145, 144, 139, 132, 129, 129, 130, 130, 127, 124, 122, 114,  97,  87, 104, 141, 169, 182, 186, 188, 189, 189, 189, 188, 188, 188, 187, 187, 187, 187, 186, 186, 185, 185, 184, 184;
 172, 177, 186, 189, 187, 187, 185, 170, 145, 132, 138, 149, 152, 146, 127,  94,  61,  43,  40,  46,  54,  63,  70,  73,  77,  83,  89,  95, 100, 103, 104, 104, 104, 105, 107, 112, 116, 119, 121, 120, 119, 119, 119, 118, 113, 108, 106, 108, 113, 119, 125, 134, 142, 146, 146, 146, 150, 154, 155, 157, 157, 154, 150, 145, 143, 145, 143, 137, 129, 126, 128, 131, 128, 122, 118, 108,  93,  89, 115, 155, 181, 187, 188, 188, 188, 188, 188, 188, 188, 187, 187, 187, 186, 186, 186, 185, 185, 184, 184, 184;
 186, 189, 195, 196, 191, 188, 186, 173, 154, 144, 142, 140, 140, 135, 120,  91,  62,  45,  43,  48,  54,  60,  65,  68,  71,  76,  83,  92,  99, 103, 103, 103, 104, 106, 109, 114, 119, 123, 125, 125, 124, 124, 126, 126, 124, 122, 124, 129, 136, 143, 148, 152, 157, 158, 153, 151, 153, 156, 157, 157, 156, 154, 151, 149, 147, 146, 143, 136, 125, 118, 121, 128, 126, 119, 113, 104,  95, 103, 131, 164, 183, 187, 188, 188, 188, 188, 188, 187, 187, 187, 186, 186, 186, 185, 185, 185, 184, 184, 183, 183;
 193, 194, 195, 192, 187, 185, 184, 175, 158, 143, 132, 125, 125, 123, 108,  83,  59,  46,  45,  51,  56,  60,  63,  65,  66,  69,  77,  88,  96, 101, 101, 102, 103, 107, 111, 116, 120, 124, 127, 129, 130, 131, 133, 134, 135, 136, 139, 143, 148, 156, 162, 166, 168, 166, 161, 158, 160, 162, 162, 161, 160, 158, 157, 156, 153, 147, 139, 131, 119, 109, 110, 119, 121, 115, 107,  99, 103, 126, 155, 175, 184, 187, 187, 187, 187, 187, 187, 187, 186, 186, 186, 185, 185, 185, 184, 184, 184, 183, 183, 182;
 195, 194, 191, 186, 182, 180, 179, 171, 152, 133, 120, 114, 113, 108,  92,  72,  55,  46,  46,  51,  58,  64,  65,  62,  60,  62,  70,  81,  89,  92,  94,  97, 101, 106, 111, 115, 119, 123, 126, 129, 134, 137, 138, 140, 142, 144, 145, 146, 150, 157, 164, 169, 172, 170, 168, 166, 167, 168, 168, 167, 164, 163, 162, 161, 155, 146, 138, 131, 118, 105, 103, 111, 114, 109, 103, 100, 114, 145, 172, 183, 185, 186, 187, 187, 187, 186, 186, 186, 185, 185, 185, 185, 184, 184, 184, 183, 183, 182, 182, 182;
 196, 194, 188, 181, 177, 176, 175, 168, 149, 127, 113, 104,  99,  93,  79,  62,  51,  45,  44,  47,  56,  65,  65,  59,  55,  55,  61,  71,  79,  79,  81,  89,  98, 104, 109, 114, 117, 119, 121, 127, 135, 140, 141, 144, 149, 151, 148, 146, 148, 153, 160, 167, 172, 173, 172, 171, 171, 172, 171, 169, 166, 162, 161, 159, 154, 145, 137, 131, 118, 104, 101, 106, 109, 106, 104, 110, 129, 156, 176, 184, 185, 186, 186, 186, 186, 186, 186, 185, 185, 185, 184, 184, 183, 183, 183, 182, 182, 182, 182, 182;
 197, 194, 186, 179, 176, 174, 173, 167, 149, 126, 110,  99,  92,  86,  73,  57,  48,  44,  42,  44,  53,  64,  65,  58,  53,  52,  57,  66,  73,  73,  75,  85,  96, 103, 109, 113, 116, 117, 119, 126, 136, 142, 142, 145, 152, 154, 149, 146, 148, 152, 157, 166, 172, 174, 173, 172, 173, 173, 172, 169, 166, 161, 158, 157, 152, 143, 136, 129, 116, 103, 100, 105, 107, 105, 106, 117, 137, 159, 176, 183, 185, 186, 186, 186, 186, 185, 185, 185, 185, 184, 184, 183, 183, 183, 182, 182, 182, 182, 181, 181]