[221, 221, 221, 221, 221, 221, 221, 221, 221, 222, 221, 221, 221, 221, 221, 220, 220, 220, 219, 219, 219, 218, 217, 209, 192, 163, 127,  88,  59,  45,  43,  47,  54,  65,  75,  83,  87,  91,  95,  98,  99, 100, 100, 101, 100,  99,  97,  96,  97,  97,  96,  96,  97,  97,  97,  98,  99, 101, 103, 106, 108, 112, 115, 118, 123, 128, 131, 133, 133, 130, 123, 118, 116, 116, 107,  86,  58,  36,  26,  22,  21,  20,  18,  18,  21,  24,  25,  25,  26,  25,  23,  20,  20,  28,  48,  74,  89,  96, 109, 118;
 221, 221, 221, 221, 221, 221, 221, 221, 222, 222, 221, 221, 221, 221, 221, 221, 220, 220, 219, 219, 219, 218, 214, 201, 178, 148, 116,  83,  59,  50,  51,  58,  66,  75,  83,  89,  92,  95,  98,  99, 100, 101, 101, 102, 101, 100,  99,  98,  98,  98,  98,  98,  98,  98,  98,  99, 100, 102, 104, 107, 111, 114, 117, 121, 127, 133, 138, 142, 145, 143, 136, 127, 121, 118, 111,  94,  68,  44,  28,  22,  21,  21,  20,  20,  22,  25,  25,  25,  25,  24,  22,  20,  21,  29,  50,  78,  94, 102, 114, 122;
 221, 221, 221, 221, 221, 221, 221, 221, 222, 222, 222, 221, 221, 221, 221, 221, 220, 220, 219, 219, 218, 216, 206, 182, 149, 118,  93,  74,  64,  66,  73,  81,  88,  93,  97, 100, 101, 101, 102, 102, 102, 103, 103, 103, 103, 102, 102, 101, 101, 101, 101, 101, 101, 100, 100, 101, 102, 104, 106, 109, 113, 117, 121, 125, 131, 140, 149, 158, 166, 168, 163, 152, 139, 127, 120, 111,  93,  64,  38,  24,  22,  23,  24,  24,  24,  24,  24,  23,  22,  21,  20,  20,  22,  33,  58,  89, 109, 118, 126, 130;
 221, 221, 221, 222, 222, 221, 221, 221, 221, 222, 222, 221, 221, 221, 221, 221, 220, 220, 219, 219, 217, 210, 191, 159, 123,  96,  81,  76,  80,  88,  96, 101, 104, 105, 106, 106, 105, 105, 104, 104, 104, 104, 104, 104, 104, 104, 104, 103, 103, 102, 102, 102, 102, 102, 101, 101, 103, 104, 106, 109, 112, 116, 120, 124, 130, 140, 151, 164, 176, 185, 187, 181, 167, 149, 135, 127, 117,  92,  59,  34,  26,  26,  26,  24,  23,  22,  21,  18,  17,  18,  19,  22,  29,  43,  73, 110, 133, 137, 137, 139;
 219, 220, 221, 222, 222, 222, 221, 221, 221, 222, 222, 222, 221, 221, 221, 220, 220, 219, 219, 217, 211, 196, 169, 134, 104,  90,  87,  92, 100, 107, 110, 111, 111, 110, 110, 109, 108, 107, 106, 106, 106, 105, 105, 105, 105, 105, 105, 104, 103, 103, 103, 103, 103, 102, 102, 102, 102, 104, 105, 107, 110, 113, 117, 121, 127, 136, 149, 163, 177, 190, 199, 202, 196, 181, 159, 142, 132, 116,  85,  52,  34,  27,  24,  20,  19,  18,  16,  14,  15,  19,  24,  31,  41,  59,  92, 134, 156, 152, 145, 144;
 213, 215, 219, 220, 220, 219, 219, 220, 220, 221, 221, 220, 220, 219, 219, 219, 217, 216, 214, 208, 196, 175, 145, 116,  98,  96, 102, 109, 114, 116, 116, 115, 114, 113, 112, 112, 111, 110, 109, 109, 108, 107, 106, 106, 106, 105, 105, 104, 104, 103, 103, 103, 103, 102, 102, 102, 102, 103, 104, 106, 107, 109, 113, 117, 123, 131, 143, 158, 175, 190, 202, 211, 217, 210, 189, 163, 144, 130, 106,  74,  44,  26,  18,  14,  13,  14,  14,  16,  20,  28,  36,  43,  52,  69, 103, 146, 169, 162, 151, 148;
 209, 212, 216, 217, 214, 212, 213, 215, 216, 216, 216, 215, 213, 212, 213, 214, 213, 212, 206, 192, 171, 149, 129, 113, 106, 110, 116, 118, 119, 119, 119, 118, 117, 116, 115, 114, 113, 112, 112, 111, 110, 109, 108, 107, 106, 106, 105, 105, 105, 104, 103, 103, 102, 102, 102, 102, 103, 103, 104, 105, 105, 106, 108, 112, 117, 124, 135, 150, 169, 186, 199, 213, 224, 228, 217, 193, 165, 143, 122,  93,  56,  27,  13,  10,  12,  16,  20,  26,  34,  41,  48,  53,  58,  71, 104, 146, 170, 166, 155, 152;
 213, 215, 217, 215, 210, 207, 208, 210, 211, 211, 210, 207, 203, 201, 202, 205, 208, 207, 195, 171, 143, 124, 117, 116, 118, 122, 123, 122, 121, 121, 121, 120, 119, 118, 117, 116, 115, 114, 113, 113, 111, 110, 109, 108, 107, 106, 106, 106, 105, 105, 104, 103, 102, 102, 102, 102, 103, 103, 104, 104, 104, 104, 105, 107, 110, 117, 127, 143, 162, 180, 196, 210, 224, 233, 234, 221, 193, 161, 133, 106,  69,  34,  16,  15,  20,  27,  34,  40,  46,  51,  54,  57,  59,  69,  97, 136, 165, 168, 157, 150;
 217, 218, 218, 216, 212, 210, 209, 209, 209, 209, 208, 205, 201, 198, 198, 200, 201, 195, 176, 147, 120, 108, 112, 120, 125, 127, 126, 124, 123, 123, 123, 122, 121, 121, 119, 118, 117, 116, 115, 113, 112, 110, 109, 108, 108, 107, 106, 106, 106, 106, 105, 105, 104, 103, 102, 103, 103, 103, 104, 104, 104, 103, 104, 105, 106, 112, 122, 136, 156, 177, 195, 208, 219, 229, 238, 237, 216, 178, 141, 113,  82,  51,  34,  32,  36,  41,  46,  50,  53,  55,  57,  59,  61,  67,  86, 122, 159, 170, 150, 136;
 214, 214, 214, 214, 214, 214, 213, 211, 210, 211, 212, 212, 210, 208, 207, 203, 191, 170, 142, 117, 104, 105, 116, 126, 130, 129, 127, 126, 125, 125, 125, 124, 123, 123, 121, 120, 119, 117, 116, 114, 112, 111, 110, 109, 109, 108, 107, 107, 107, 107, 107, 106, 105, 104, 103, 103, 103, 103, 104, 104, 104, 104, 104, 104, 105, 109, 117, 130, 149, 172, 191, 202, 210, 220, 231, 237, 227, 197, 157, 124,  98,  77,  64,  57,  52,  50,  52,  54,  56,  57,  59,  60,  61,  64,  76, 109, 151, 163, 136, 115;
 210, 210, 210, 212, 214, 216, 216, 215, 215, 216, 218, 219, 219, 218, 216, 204, 175, 135, 103,  90,  95, 109, 124, 132, 132, 131, 129, 128, 128, 127, 127, 126, 125, 124, 122, 121, 120, 119, 117, 115, 113, 112, 111, 110, 109, 108, 108, 107, 107, 107, 107, 107, 106, 105, 104, 103, 103, 104, 104, 104, 104, 104, 104, 104, 105, 107, 113, 124, 141, 163, 181, 192, 201, 210, 220, 228, 229, 216, 186, 149, 117,  99,  91,  79,  64,  56,  55,  57,  58,  59,  60,  61,  61,  61,  68,  94, 132, 148, 127, 109;
 214, 214, 214, 215, 217, 219, 220, 220, 221, 221, 222, 222, 221, 220, 215, 196, 156, 107,  78,  78,  96, 117, 131, 135, 134, 132, 131, 130, 130, 129, 129, 128, 126, 125, 123, 121, 121, 120, 118, 116, 114, 112, 111, 110, 110, 109, 109, 108, 108, 108, 107, 107, 106, 106, 105, 104, 104, 105, 105, 105, 105, 105, 104, 104, 104, 106, 110, 119, 135, 154, 171, 184, 196, 205, 211, 218, 225, 227, 212, 176, 135, 112, 105,  93,  74,  61,  58,  58,  59,  60,  61,  61,  61,  61,  63,  76, 104, 128, 126, 117;
 217, 218, 218, 219, 220, 221, 222, 223, 224, 223, 223, 222, 221, 219, 210, 185, 140,  95,  75,  83, 105, 126, 136, 137, 136, 135, 134, 133, 133, 132, 131, 129, 128, 126, 123, 122, 121, 120, 118, 116, 114, 113, 111, 110, 110, 110, 110, 109, 109, 108, 107, 106, 107, 107, 106, 106, 106, 106, 106, 106, 106, 106, 105, 105, 105, 106, 109, 117, 132, 150, 167, 182, 195, 204, 207, 212, 220, 228, 225, 200, 159, 127, 113, 101,  84,  69,  61,  59,  59,  60,  61,  61,  61,  61,  61,  66,  82, 106, 115, 113;
 214, 214, 214, 215, 217, 219, 221, 223, 223, 223, 223, 222, 220, 215, 201, 170, 126,  90,  81,  95, 117, 133, 139, 139, 138, 137, 136, 136, 135, 134, 133, 131, 129, 127, 125, 123, 122, 121, 119, 117, 115, 113, 111, 110, 110, 110, 110, 110, 109, 108, 107, 106, 107, 108, 108, 107, 107, 107, 108, 108, 108, 108, 107, 107, 106, 107, 111, 118, 132, 150, 167, 182, 195, 204, 207, 210, 217, 225, 229, 219, 190, 153, 126, 110,  96,  80,  67,  61,  60,  60,  61,  62,  62,  62,  62,  63,  72,  87,  95,  94;
 203, 203, 203, 205, 208, 212, 216, 219, 221, 222, 222, 221, 216, 203, 178, 143, 106,  84,  88, 107, 126, 137, 141, 141, 140, 139, 138, 137, 136, 135, 134, 133, 131, 128, 126, 124, 122, 121, 119, 117, 116, 114, 112, 110, 110, 110, 110, 110, 110, 109, 108, 107, 108, 109, 109, 108, 108, 109, 109, 110, 110, 110, 110, 109, 109, 110, 114, 122, 135, 150, 165, 180, 194, 203, 205, 207, 212, 219, 226, 228, 215, 181, 144, 121, 109,  95,  77,  64,  60,  61,  62,  62,  63,  63,  63,  63,  68,  76,  79,  79;
 191, 191, 191, 192, 196, 200, 205, 209, 214, 217, 219, 218, 207, 182, 144, 108,  83,  79,  94, 116, 132, 140, 142, 142, 141, 140, 139, 138, 137, 136, 135, 134, 132, 130, 128, 125, 123, 121, 120, 118, 116, 113, 111, 110, 110, 110, 110, 110, 110, 109, 109, 108, 109, 109, 109, 109, 110, 110, 111, 111, 111, 111, 111, 112, 112, 114, 119, 128, 139, 152, 165, 179, 191, 198, 199, 199, 202, 207, 215, 224, 223, 200, 161, 129, 116, 106,  88,  70,  62,  61,  62,  63,  63,  64,  64,  64,  66,  70,  72,  73;
 183, 183, 182, 183, 185, 188, 191, 195, 200, 205, 208, 207, 194, 161, 116,  81,  69,  78, 100, 122, 136, 142, 143, 143, 142, 140, 139, 138, 138, 137, 136, 135, 134, 132, 129, 127, 124, 122, 120, 117, 115, 113, 112, 111, 110, 110, 110, 110, 110, 110, 109, 109, 109, 110, 110, 111, 111, 112, 112, 112, 112, 112, 112, 113, 114, 117, 125, 135, 146, 159, 171, 181, 188, 193, 193, 192, 193, 196, 202, 213, 221, 211, 176, 136, 116, 111,  99,  78,  65,  62,  62,  63,  63,  64,  64,  64,  65,  67,  70,  71;
 179, 179, 179, 179, 179, 180, 182, 184, 187, 190, 192, 190, 175, 142,  99,  69,  65,  82, 106, 127, 139, 143, 144, 144, 142, 142, 141, 140, 139, 139, 138, 137, 136, 134, 132, 129, 126, 124, 121, 118, 115, 114, 113, 112, 111, 110, 110, 111, 111, 111, 110, 110, 109, 110, 111, 112, 113, 114, 114, 113, 113, 113, 113, 114, 115, 119, 127, 139, 152, 166, 177, 185, 188, 191, 192, 192, 195, 197, 200, 208, 219, 216, 186, 142, 115, 112, 106,  87,  69,  62,  62,  63,  64,  64,  64,  64,  64,  65,  68,  71;
 178, 178, 178, 178, 178, 178, 178, 178, 179, 180, 179, 171, 152, 121,  86,  65,  68,  89, 114, 133, 142, 145, 146, 144, 143, 143, 143, 142, 141, 140, 139, 139, 138, 136, 134, 131, 129, 126, 123, 119, 116, 115, 114, 112, 111, 110, 110, 111, 111, 111, 111, 110, 109, 110, 112, 113, 115, 115, 115, 115, 114, 114, 113, 113, 114, 118, 125, 137, 152, 166, 177, 187, 192, 195, 195, 197, 203, 207, 206, 209, 218, 217, 191, 149, 118, 112, 110,  94,  73,  63,  62,  63,  64,  64,  64,  64,  63,  63,  67,  70;
 177, 177, 177, 177, 177, 177, 176, 176, 176, 175, 170, 155, 129,  98,  73,  64,  74,  98, 122, 139, 146, 147, 147, 146, 145, 145, 145, 144, 143, 142, 141, 141, 140, 138, 135, 133, 131, 128, 124, 121, 118, 115, 114, 112, 111, 111, 111, 111, 111, 111, 111, 110, 110, 111, 113, 115, 116, 117, 116, 115, 114, 113, 112, 112, 112, 114, 120, 131, 145, 159, 172, 185, 195, 200, 201, 202, 208, 211, 209, 211, 217, 216, 194, 156, 123, 113, 111,  97,  76,  64,  62,  64,  64,  64,  65,  65,  63,  62,  65,  67;
 176, 176, 176, 176, 176, 176, 176, 175, 175, 173, 164, 142, 110,  80,  64,  65,  80, 106, 129, 143, 148, 149, 148, 147, 146, 146, 145, 144, 143, 142, 142, 142, 141, 139, 136, 134, 132, 129, 125, 121, 118, 115, 113, 112, 111, 111, 111, 111, 111, 111, 112, 111, 111, 112, 114, 116, 116, 117, 116, 114, 112, 111, 110, 108, 108, 109, 113, 122, 135, 151, 165, 178, 190, 200, 203, 204, 207, 208, 207, 211, 217, 215, 195, 160, 128, 114, 110,  97,  78,  66,  64,  64,  64,  65,  65,  65,  64,  63,  64,  66;
 176, 176, 176, 176, 176, 175, 175, 175, 174, 171, 159, 133,  98,  71,  60,  66,  86, 111, 133, 146, 150, 150, 149, 147, 146, 145, 144, 143, 141, 141, 140, 140, 139, 137, 135, 133, 131, 128, 124, 120, 116, 113, 111, 110, 110, 110, 110, 110, 110, 111, 112, 112, 112, 113, 114, 115, 115, 115, 114, 112, 109, 107, 105, 103, 101, 102, 105, 112, 123, 138, 154, 168, 180, 192, 201, 205, 206, 206, 206, 211, 216, 213, 194, 161, 129, 114, 109,  99,  82,  69,  65,  65,  65,  65,  66,  66,  65,  64,  65,  66;
 175, 175, 175, 175, 175, 175, 174, 174, 173, 169, 155, 127,  92,  67,  60,  69,  90, 116, 137, 148, 151, 150, 149, 147, 144, 141, 138, 136, 136, 136, 136, 135, 132, 129, 127, 126, 125, 123, 120, 115, 111, 108, 107, 108, 108, 109, 109, 110, 110, 111, 112, 113, 113, 113, 114, 114, 114, 113, 111, 109, 105, 102,  98,  95,  92,  91,  93,  98, 105, 117, 134, 150, 164, 179, 194, 203, 206, 207, 208, 212, 214, 210, 194, 163, 131, 114, 110, 102,  88,  73,  66,  65,  65,  65,  66,  66,  65,  64,  64,  65;
 175, 175, 175, 175, 175, 174, 174, 174, 172, 168, 154, 126,  91,  67,  63,  73,  94, 120, 141, 150, 152, 150, 146, 142, 137, 131, 126, 124, 124, 124, 124, 122, 117, 112, 110, 111, 112, 112, 110, 106, 101, 100, 102, 104, 106, 108, 109, 110, 111, 111, 112, 113, 113, 113, 114, 114, 113, 112, 108, 105, 101,  96,  90,  85,  80,  78,  79,  80,  84,  94, 109, 124, 138, 155, 176, 194, 202, 204, 208, 212, 213, 209, 195, 166, 134, 116, 111, 104,  89,  75,  67,  65,  65,  66,  66,  66,  65,  64,  64,  64;
 175, 175, 175, 175, 174, 174, 174, 173, 172, 169, 156, 128,  93,  70,  67,  78, 100, 125, 144, 152, 152, 146, 139, 131, 124, 116, 110, 108, 107, 106, 104, 102,  97,  92,  91,  92,  95,  98,  98,  95,  92,  92,  95,  99, 103, 107, 108, 109, 110, 111, 112, 113, 113, 113, 113, 113, 112, 110, 105, 100,  95,  89,  82,  74,  67,  64,  64,  64,  66,  73,  83,  95, 107, 124, 151, 176, 187, 191, 198, 207, 210, 207, 195, 169, 137, 118, 110, 102,  87,  73,  66,  65,  65,  65,  66,  66,  65,  64,  64,  64;
 175, 175, 175, 174, 174, 173, 171, 170, 170, 168, 155, 127,  93,  72,  71,  85, 107, 131, 147, 152, 148, 138, 126, 116, 108, 102,  96,  92,  90,  86,  83,  81,  80,  79,  79,  81,  82,  85,  88,  88,  86,  87,  90,  95, 100, 104, 107, 108, 110, 112, 113, 112, 112, 112, 112, 112, 111, 107, 102,  96,  89,  82,  73,  65,  58,  56,  55,  54,  53,  55,  60,  68,  80,  99, 127, 152, 164, 168, 180, 195, 204, 203, 194, 173, 143, 120, 109,  98,  83,  71,  66,  65,  65,  65,  65,  65,  65,  64,  64,  64;
 175, 175, 175, 174, 173, 171, 166, 164, 165, 164, 151, 123,  91,  73,  76,  94, 117, 138, 149, 149, 140, 127, 114, 105,  99,  93,  86,  82,  79,  75,  72,  71,  73,  76,  79,  80,  79,  81,  85,  86,  85,  85,  87,  92,  97, 102, 105, 108, 110, 112, 112, 112, 111, 110, 110, 109, 108, 104,  99,  92,  85,  77,  70,  62,  57,  55,  54,  51,  48,  44,  43,  48,  60,  78, 102, 126, 140, 150, 166, 186, 198, 200, 194, 178, 150, 125, 110,  96,  81,  70,  66,  65,  65,  65,  65,  65,  65,  64,  64,  64;
 175, 175, 175, 174, 173, 170, 164, 161, 162, 163, 150, 123,  93,  78,  85, 105, 129, 145, 150, 143, 131, 119, 112, 109, 104,  96,  90,  84,  79,  75,  74,  75,  77,  81,  85,  85,  83,  84,  86,  87,  86,  85,  87,  91,  95, 101, 105, 108, 110, 111, 111, 110, 109, 108, 107, 106, 104, 101,  96,  90,  83,  77,  71,  67,  64,  61,  58,  54,  48,  43,  39,  40,  48,  61,  81, 102, 121, 138, 157, 179, 194, 199, 196, 183, 159, 133, 114,  97,  80,  69,  66,  65,  65,  65,  65,  65,  65,  64,  64,  63;
 175, 175, 175, 174, 173, 171, 167, 165, 166, 165, 154, 129, 100,  87,  95, 117, 139, 151, 149, 138, 126, 120, 120, 121, 119, 114, 108, 101,  93,  89,  88,  88,  87,  88,  90,  91,  90,  90,  90,  90,  89,  89,  90,  93,  98, 103, 106, 108, 110, 110, 110, 108, 107, 106, 104, 102, 101,  98,  94,  89,  83,  79,  76,  75,  72,  69,  65,  60,  54,  50,  48,  47,  49,  58,  72,  88, 105, 123, 142, 163, 183, 194, 197, 190, 168, 140, 117,  97,  79,  69,  65,  66,  66,  66,  66,  65,  65,  65,  64,  64;
 175, 175, 175, 174, 174, 173, 171, 170, 170, 167, 157, 133, 106,  93, 104, 127, 147, 154, 148, 136, 127, 126, 131, 134, 134, 134, 131, 125, 117, 111, 107, 102,  97,  93,  93,  94,  94,  95,  95,  95,  95,  95,  96, 100, 104, 107, 110, 110, 110, 109, 107, 106, 104, 103, 101,  99,  97,  96,  93,  88,  84,  81,  81,  81,  79,  76,  73,  69,  66,  65,  65,  64,  63,  68,  76,  84,  94, 105, 121, 142, 165, 184, 195, 193, 175, 146, 119,  96,  78,  68,  65,  65,  66,  66,  66,  66,  66,  66,  66,  66;
 175, 175, 175, 174, 174, 173, 172, 172, 171, 167, 155, 130, 104,  95, 110, 134, 151, 155, 149, 139, 134, 137, 143, 146, 147, 147, 146, 140, 133, 126, 119, 112, 104,  98,  94,  93,  93,  95,  96,  98,  99, 100, 103, 106, 109, 112, 114, 113, 111, 108, 106, 104, 102, 100,  97,  95,  94,  92,  90,  88,  85,  84,  84,  84,  83,  82,  81,  80,  80,  81,  83,  82,  81,  82,  85,  88,  92,  99, 111, 129, 151, 172, 187, 192, 181, 153, 119,  92,  75,  67,  65,  65,  65,  65,  66,  66,  66,  66,  66,  67;
 175, 175, 175, 174, 174, 173, 172, 172, 171, 166, 150, 123,  97,  94, 114, 139, 154, 156, 150, 146, 146, 150, 154, 157, 157, 156, 152, 145, 138, 131, 124, 116, 107,  99,  94,  90,  89,  89,  91,  94,  98, 102, 106, 109, 113, 115, 116, 115, 112, 109, 106, 104, 100,  97,  95,  93,  91,  89,  88,  86,  85,  84,  84,  84,  84,  85,  86,  88,  89,  92,  95,  95,  93,  94,  95,  96,  98, 102, 112, 128, 147, 163, 177, 188, 185, 159, 120,  87,  71,  66,  65,  65,  64,  65,  65,  66,  66,  66,  66,  66;
 176, 175, 175, 175, 174, 173, 173, 172, 171, 165, 148, 120,  96,  96, 119, 145, 158, 158, 155, 155, 158, 161, 164, 166, 165, 161, 154, 146, 138, 131, 124, 116, 107,  99,  93,  88,  85,  84,  85,  88,  92,  98, 104, 109, 114, 118, 119, 117, 114, 111, 107, 103,  99,  96,  93,  91,  89,  86,  84,  82,  81,  81,  82,  83,  84,  87,  89,  92,  95,  98, 100, 101, 100, 100, 101, 102, 103, 107, 116, 130, 143, 156, 170, 185, 187, 163, 120,  84,  68,  65,  65,  65,  65,  65,  66,  66,  66,  67,  67,  66;
 176, 176, 175, 175, 174, 174, 173, 173, 171, 166, 150, 123, 101, 102, 126, 150, 162, 162, 161, 163, 167, 170, 172, 173, 170, 163, 154, 145, 137, 129, 122, 114, 105,  97,  91,  86,  83,  81,  80,  81,  85,  90,  98, 107, 114, 120, 123, 122, 119, 115, 109, 104,  98,  94,  92,  89,  86,  83,  80,  78,  77,  78,  80,  82,  85,  88,  91,  95,  99, 101, 103, 103, 103, 103, 103, 104, 106, 110, 117, 127, 136, 148, 164, 181, 186, 165, 122,  84,  67,  65,  65,  66,  65,  66,  66,  67,  67,  67,  67,  67;
 176, 176, 175, 175, 174, 174, 173, 173, 172, 168, 155, 130, 109, 111, 133, 155, 166, 167, 166, 169, 172, 175, 177, 177, 172, 163, 152, 142, 134, 125, 117, 109, 100,  92,  85,  81,  79,  78,  77,  77,  78,  82,  90, 102, 115, 125, 131, 131, 127, 121, 113, 106,  99,  94,  90,  87,  83,  79,  76,  74,  73,  75,  78,  82,  86,  89,  92,  96, 100, 102, 104, 104, 103, 104, 104, 105, 108, 111, 116, 122, 129, 140, 157, 177, 186, 167, 124,  85,  68,  65,  66,  66,  66,  66,  67,  67,  67,  67,  68,  68;
 176, 176, 176, 175, 175, 174, 173, 173, 172, 169, 159, 137, 118, 119, 140, 161, 169, 170, 169, 171, 173, 176, 177, 175, 168, 158, 146, 136, 128, 119, 111, 101,  92,  82,  75,  71,  71,  71,  71,  71,  72,  75,  83,  98, 116, 133, 142, 143, 138, 128, 118, 109, 102,  96,  90,  85,  80,  76,  72,  71,  71,  72,  76,  79,  83,  86,  91,  95,  98, 101, 102, 102, 102, 102, 104, 105, 108, 111, 115, 119, 124, 134, 151, 172, 183, 168, 126,  87,  68,  65,  66,  66,  66,  67,  67,  67,  67,  67,  68,  68;
 176, 176, 176, 175, 175, 174, 173, 172, 172, 170, 162, 144, 128, 130, 148, 166, 173, 172, 171, 171, 172, 172, 171, 167, 159, 149, 139, 130, 121, 112, 103,  92,  81,  70,  63,  60,  60,  61,  62,  64,  67,  70,  79,  96, 119, 139, 150, 152, 146, 134, 122, 112, 105,  98,  92,  85,  79,  74,  70,  69,  69,  69,  70,  72,  74,  79,  86,  91,  93,  95,  97,  98,  98,  99, 101, 104, 107, 110, 114, 117, 122, 130, 146, 166, 180, 167, 128,  88,  69,  66,  66,  67,  67,  67,  68,  67,  67,  67,  67,  67;
 176, 176, 176, 176, 175, 174, 173, 173, 172, 170, 164, 152, 140, 142, 157, 171, 176, 175, 173, 171, 168, 165, 158, 151, 146, 141, 135, 124, 112,  99,  88,  76,  63,  53,  48,  48,  49,  50,  53,  57,  62,  69,  80,  98, 121, 141, 152, 154, 148, 138, 125, 114, 107, 101,  93,  85,  78,  73,  70,  68,  67,  65,  63,  62,  64,  70,  77,  82,  84,  86,  89,  91,  93,  93,  96, 100, 104, 108, 112, 116, 120, 127, 141, 162, 177, 168, 132,  91,  70,  66,  66,  66,  67,  67,  67,  67,  66,  66,  67,  67;
 176, 176, 176, 175, 174, 174, 173, 173, 172, 170, 166, 159, 152, 154, 165, 176, 179, 178, 174, 169, 163, 152, 140, 130, 126, 124, 121, 111,  95,  78,  63,  52,  42,  36,  36,  40,  43,  43,  45,  51,  59,  70,  84, 103, 124, 142, 152, 153, 148, 138, 126, 115, 108, 102,  95,  86,  77,  72,  69,  67,  64,  60,  57,  55,  55,  58,  62,  64,  66,  69,  74,  79,  83,  85,  88,  93,  98, 103, 108, 113, 117, 124, 138, 158, 174, 170, 137,  96,  71,  66,  66,  66,  67,  67,  67,  67,  66,  66,  66,  66;
 176, 176, 175, 174, 172, 172, 173, 173, 172, 171, 168, 164, 161, 164, 172, 179, 182, 181, 177, 169, 157, 140, 122, 107,  99,  96,  96,  94,  83,  63,  43,  33,  28,  27,  33,  42,  46,  43,  42,  47,  58,  72,  90, 108, 127, 144, 152, 152, 146, 136, 125, 116, 110, 104,  96,  87,  77,  71,  67,  64,  59,  54,  51,  51,  51,  47,  43,  43,  45,  47,  52,  60,  68,  73,  78,  83,  88,  94, 101, 108, 114, 122, 136, 154, 171, 171, 143, 100,  73,  66,  66,  67,  67,  67,  67,  66,  66,  67,  67,  67;
 176, 176, 175, 173, 171, 170, 172, 173, 172, 171, 170, 168, 167, 169, 176, 181, 184, 184, 180, 170, 156, 138, 117, 100,  87,  81,  86,  96,  94,  70,  43,  29,  27,  30,  38,  48,  52,  50,  47,  51,  62,  79,  98, 116, 134, 147, 153, 150, 143, 133, 123, 115, 110, 105,  98,  89,  80,  71,  66,  60,  54,  48,  48,  52,  51,  41,  31,  31,  35,  36,  40,  50,  58,  61,  62,  66,  73,  82,  92, 101, 110, 120, 132, 149, 166, 170, 144, 102,  74,  67,  67,  68,  68,  67,  66,  66,  67,  67,  67,  67;
 176, 176, 175, 173, 171, 171, 172, 173, 173, 172, 170, 169, 169, 172, 177, 181, 183, 183, 179, 172, 160, 145, 128, 114, 104,  99, 104, 114, 112,  88,  58,  42,  39,  41,  47,  53,  58,  59,  62,  68,  79,  95, 113, 130, 143, 151, 152, 148, 140, 130, 121, 113, 108, 104,  99,  93,  84,  75,  66,  59,  53,  48,  49,  53,  52,  41,  30,  29,  33,  38,  46,  58,  64,  59,  50,  48,  56,  69,  83,  95, 106, 117, 129, 144, 162, 167, 143, 102,  74,  68,  68,  68,  68,  67,  66,  67,  67,  67,  67,  67;
 176, 176, 175, 175, 173, 173, 173, 173, 173, 172, 171, 170, 170, 172, 176, 179, 179, 176, 172, 167, 160, 151, 141, 135, 131, 129, 129, 127, 118,  98,  77,  64,  60,  59,  61,  63,  67,  74,  82,  92, 103, 117, 130, 142, 150, 152, 150, 144, 136, 127, 118, 112, 107, 103,  99,  95,  89,  81,  72,  64,  60,  56,  55,  55,  53,  45,  38,  36,  39,  45,  57,  68,  72,  64,  52,  47,  54,  66,  79,  92, 103, 114, 126, 141, 159, 166, 143, 103,  76,  68,  68,  68,  67,  67,  67,  67,  68,  67,  67,  67;
 176, 176, 176, 175, 175, 174, 173, 173, 172, 172, 171, 170, 170, 172, 174, 175, 172, 167, 161, 157, 153, 150, 147, 146, 147, 146, 140, 130, 118, 105,  94,  85,  80,  78,  79,  81,  86,  94, 104, 114, 124, 134, 142, 148, 151, 151, 148, 141, 133, 124, 118, 112, 107, 103,  99,  97,  94,  89,  81,  74,  71,  68,  65,  62,  60,  56,  53,  51,  52,  54,  61,  68,  72,  71,  67,  66,  72,  80,  90,  99, 107, 114, 125, 140, 159, 167, 147, 107,  78,  69,  68,  68,  68,  67,  67,  67,  67,  67,  67,  67;
 176, 176, 176, 175, 175, 174, 174, 173, 172, 171, 170, 169, 170, 171, 172, 171, 166, 160, 154, 149, 148, 148, 149, 151, 152, 150, 142, 132, 123, 116, 109, 102,  96,  94,  96, 100, 106, 114, 122, 130, 136, 142, 145, 147, 148, 148, 145, 140, 132, 124, 118, 112, 107, 103, 100,  98,  98,  95,  91,  85,  81,  78,  75,  72,  70,  69,  67,  65,  64,  64,  66,  70,  74,  78,  82,  87,  96, 107, 118, 123, 124, 124, 130, 143, 160, 170, 153, 115,  82,  70,  69,  69,  69,  68,  67,  67,  67,  67,  67,  67;
 176, 176, 176, 175, 175, 174, 173, 172, 171, 170, 169, 168, 169, 170, 170, 167, 162, 156, 151, 147, 146, 146, 149, 152, 154, 152, 146, 139, 133, 127, 121, 114, 110, 109, 111, 115, 122, 129, 135, 139, 143, 145, 146, 145, 145, 145, 144, 139, 131, 124, 118, 112, 107, 103, 100,  99, 100, 100,  98,  94,  90,  87,  84,  83,  81,  79,  78,  76,  75,  75,  77,  80,  84,  87,  92, 101, 117, 138, 155, 160, 156, 150, 149, 153, 164, 172, 160, 126,  90,  72,  69,  69,  69,  68,  67,  67,  67,  67,  68,  68;
 176, 176, 175, 175, 174, 174, 173, 171, 170, 168, 166, 165, 167, 169, 169, 166, 161, 156, 151, 148, 146, 146, 148, 151, 153, 152, 149, 144, 139, 133, 127, 123, 120, 120, 123, 127, 132, 137, 142, 146, 147, 148, 146, 145, 145, 144, 142, 137, 131, 124, 118, 112, 107, 104, 101, 100, 101, 102, 103, 101,  97,  94,  92,  91,  90,  88,  87,  86,  86,  87,  90,  92,  94,  97, 102, 115, 137, 165, 186, 193, 189, 183, 175, 170, 171, 175, 168, 137,  97,  74,  69,  69,  69,  68,  68,  68,  68,  68,  68,  68;
 176, 176, 175, 175, 174, 173, 172, 171, 169, 165, 162, 162, 166, 169, 170, 167, 162, 158, 155, 152, 150, 149, 149, 150, 150, 149, 147, 143, 138, 134, 130, 127, 126, 128, 131, 135, 138, 142, 146, 150, 151, 150, 149, 147, 146, 145, 141, 136, 130, 124, 119, 113, 109, 106, 103, 102, 102, 104, 105, 105, 103, 101,  99,  98,  97,  95,  94,  94,  94,  96,  98, 101, 103, 106, 113, 128, 153, 180, 200, 209, 210, 208, 199, 187, 181, 180, 173, 143, 101,  75,  69,  69,  69,  68,  68,  69,  69,  69,  68,  68;
 176, 175, 175, 175, 174, 173, 172, 170, 168, 164, 159, 159, 165, 170, 171, 169, 166, 163, 160, 158, 155, 152, 150, 149, 147, 145, 143, 139, 136, 133, 131, 131, 131, 132, 136, 139, 141, 144, 148, 152, 154, 154, 152, 150, 149, 146, 141, 135, 130, 125, 120, 115, 111, 108, 105, 103, 103, 105, 106, 107, 106, 105, 104, 103, 102, 100,  98,  98,  99, 100, 102, 105, 107, 111, 120, 135, 157, 181, 199, 209, 214, 216, 211, 200, 191, 185, 175, 144, 101,  75,  70,  70,  70,  69,  69,  69,  69,  69,  69,  68;
 175, 175, 175, 174, 174, 173, 172, 170, 167, 163, 158, 159, 165, 171, 172, 171, 170, 168, 167, 165, 161, 157, 153, 150, 146, 143, 140, 137, 134, 133, 132, 133, 133, 135, 136, 138, 141, 145, 149, 153, 156, 156, 155, 153, 151, 148, 143, 136, 130, 125, 121, 117, 113, 110, 108, 106, 105, 106, 107, 108, 108, 107, 106, 106, 105, 104, 102, 101, 101, 102, 104, 106, 109, 112, 120, 132, 150, 170, 186, 196, 204, 211, 212, 206, 197, 189, 175, 143, 101,  75,  70,  71,  70,  69,  69,  69,  69,  69,  68,  68;
 174, 174, 174, 174, 174, 173, 172, 170, 167, 163, 159, 160, 167, 172, 174, 174, 174, 174, 174, 172, 168, 163, 158, 152, 147, 142, 138, 136, 134, 133, 133, 134, 135, 135, 135, 136, 139, 143, 149, 154, 158, 159, 158, 156, 154, 151, 145, 138, 131, 126, 122, 118, 115, 113, 110, 108, 107, 107, 107, 108, 108, 107, 107, 106, 107, 107, 106, 105, 104, 104, 104, 106, 109, 112, 116, 125, 137, 151, 163, 174, 184, 196, 205, 206, 199, 190, 176, 144, 102,  76,  70,  71,  70,  69,  69,  68,  68,  68,  67,  67;
 174, 174, 174, 174, 173, 173, 172, 170, 167, 163, 160, 162, 168, 173, 176, 177, 179, 180, 180, 179, 175, 170, 163, 156, 149, 144, 140, 137, 135, 134, 135, 135, 136, 135, 135, 136, 138, 142, 148, 156, 162, 164, 162, 160, 158, 155, 149, 141, 132, 126, 122, 119, 117, 115, 113, 111, 109, 108, 108, 107, 107, 107, 106, 106, 108, 108, 109, 108, 107, 106, 105, 107, 108, 110, 113, 118, 125, 134, 142, 152, 164, 179, 193, 200, 198, 191, 177, 145, 103,  76,  70,  70,  70,  69,  68,  68,  67,  67,  66,  66;
 174, 174, 174, 173, 173, 172, 172, 170, 167, 164, 161, 163, 169, 175, 178, 181, 184, 185, 185, 184, 180, 175, 167, 159, 152, 146, 142, 139, 138, 138, 138, 138, 137, 136, 135, 136, 138, 140, 146, 156, 164, 166, 164, 163, 163, 161, 154, 144, 134, 127, 123, 120, 119, 117, 116, 113, 111, 108, 107, 106, 105, 105, 105, 106, 107, 109, 110, 110, 109, 108, 107, 107, 108, 109, 111, 115, 120, 125, 131, 139, 150, 164, 179, 190, 192, 188, 176, 145, 103,  76,  69,  69,  69,  69,  68,  67,  67,  66,  65,  65;
 174, 174, 173, 173, 172, 172, 171, 170, 168, 164, 162, 164, 170, 176, 180, 184, 186, 188, 188, 187, 183, 177, 170, 162, 154, 148, 145, 143, 142, 141, 140, 139, 138, 136, 135, 135, 135, 136, 140, 149, 157, 162, 163, 166, 168, 166, 158, 146, 136, 128, 123, 121, 119, 118, 117, 115, 112, 108, 104, 103, 102, 102, 103, 104, 106, 108, 110, 110, 110, 109, 108, 108, 109, 110, 111, 113, 117, 121, 126, 132, 141, 151, 164, 176, 182, 183, 174, 144, 103,  75,  68,  67,  67,  67,  67,  67,  66,  65,  65,  64;
 173, 173, 173, 173, 172, 172, 171, 170, 167, 164, 162, 164, 170, 177, 182, 185, 188, 190, 190, 188, 184, 179, 172, 165, 157, 151, 147, 145, 144, 143, 142, 140, 137, 134, 133, 132, 131, 130, 131, 138, 147, 156, 163, 169, 172, 171, 162, 150, 138, 129, 123, 119, 118, 117, 116, 115, 112, 108, 103,  99,  97,  98, 100, 102, 105, 107, 108, 110, 110, 110, 110, 109, 110, 110, 111, 112, 115, 118, 121, 126, 133, 141, 151, 163, 172, 177, 169, 141, 101,  74,  66,  66,  66,  66,  66,  65,  65,  65,  64,  64;
 173, 173, 173, 173, 172, 172, 171, 170, 167, 164, 162, 164, 170, 177, 183, 186, 189, 190, 190, 188, 184, 178, 173, 166, 160, 155, 150, 148, 146, 144, 142, 139, 136, 132, 129, 126, 124, 123, 125, 133, 146, 158, 167, 174, 177, 174, 166, 152, 139, 129, 122, 118, 116, 115, 114, 114, 112, 109, 104,  98,  93,  93,  96, 100, 103, 105, 106, 108, 109, 109, 110, 110, 110, 110, 111, 111, 113, 115, 117, 120, 125, 132, 141, 152, 163, 170, 165, 137,  98,  72,  65,  65,  65,  65,  65,  64,  64,  65,  65,  64;
 173, 173, 173, 172, 172, 171, 171, 169, 166, 163, 162, 164, 170, 177, 182, 186, 189, 190, 189, 187, 182, 178, 172, 167, 162, 157, 152, 148, 145, 143, 142, 139, 133, 128, 123, 119, 116, 118, 127, 141, 155, 165, 171, 174, 175, 171, 163, 151, 138, 128, 121, 117, 114, 113, 112, 112, 112, 111, 108, 102,  94,  91,  93,  97, 101, 103, 104, 106, 107, 108, 109, 109, 110, 110, 111, 111, 112, 113, 115, 117, 121, 126, 134, 144, 155, 163, 160, 134,  96,  71,  65,  65,  65,  65,  64,  64,  64,  65,  65,  65;
 172, 172, 172, 172, 172, 171, 170, 168, 166, 163, 161, 163, 169, 176, 181, 185, 187, 189, 188, 185, 181, 177, 172, 168, 163, 158, 153, 148, 144, 142, 141, 137, 130, 122, 116, 111, 111, 119, 135, 154, 165, 168, 167, 165, 163, 161, 156, 146, 135, 125, 118, 114, 112, 110, 108, 108, 110, 112, 112, 109, 101,  93,  91,  94,  98, 100, 103, 104, 106, 107, 107, 109, 110, 110, 111, 111, 111, 112, 113, 115, 118, 123, 129, 138, 150, 160, 158, 132,  95,  71,  65,  65,  65,  65,  64,  64,  64,  65,  65,  65;
 171, 171, 171, 171, 171, 170, 169, 168, 165, 162, 159, 161, 167, 175, 180, 184, 186, 188, 187, 185, 181, 177, 173, 168, 164, 159, 155, 149, 145, 142, 140, 134, 126, 118, 111, 106, 108, 122, 145, 162, 165, 158, 148, 142, 141, 143, 143, 138, 130, 121, 115, 110, 105, 101,  98,  99, 103, 109, 113, 113, 108,  98,  92,  92,  95,  98, 101, 103, 105, 105, 106, 108, 109, 110, 111, 111, 111, 112, 113, 115, 117, 121, 126, 135, 147, 158, 156, 130,  94,  70,  65,  64,  64,  64,  65,  65,  64,  65,  65,  65;
 170, 170, 170, 170, 170, 169, 168, 167, 164, 161, 157, 157, 164, 173, 179, 183, 185, 187, 187, 185, 182, 177, 172, 168, 164, 161, 157, 151, 146, 142, 138, 132, 123, 115, 108, 103, 107, 124, 147, 159, 152, 134, 115, 103, 103, 112, 122, 127, 123, 116, 109, 101,  91,  79,  74,  77,  87,  99, 108, 113, 110, 102,  93,  91,  94,  98, 100, 102, 104, 104, 105, 106, 108, 109, 110, 110, 111, 111, 113, 114, 117, 120, 125, 134, 145, 155, 152, 127,  92,  70,  64,  64,  64,  64,  65,  65,  64,  64,  64,  65;
 170, 170, 170, 169, 169, 169, 168, 166, 164, 160, 154, 153, 160, 170, 177, 181, 184, 186, 186, 184, 181, 177, 173, 168, 164, 161, 157, 152, 146, 142, 137, 129, 120, 111, 105, 100, 105, 121, 141, 146, 131, 104,  78,  63,  62,  76,  97, 113, 116, 111, 101,  88,  70,  52,  43,  47,  62,  81,  97, 107, 108, 101,  93,  90,  93,  97,  99, 101, 103, 103, 104, 105, 107, 108, 109, 109, 109, 111, 112, 114, 116, 120, 125, 133, 143, 151, 147, 123,  90,  69,  64,  64,  64,  65,  65,  65,  64,  64,  64,  64;
 170, 169, 169, 169, 169, 168, 168, 166, 163, 159, 152, 149, 155, 166, 175, 180, 183, 184, 184, 183, 180, 176, 173, 169, 164, 160, 155, 150, 145, 140, 134, 125, 115, 106, 100,  97, 101, 114, 129, 131, 113,  85,  59,  46,  47,  62,  85, 105, 112, 106,  92,  75,  54,  36,  28,  31,  43,  62,  82,  96, 101,  97,  90,  88,  92,  95,  98, 100, 101, 102, 103, 104, 105, 106, 107, 107, 108, 109, 111, 114, 117, 121, 126, 133, 142, 149, 143, 119,  87,  69,  64,  64,  64,  65,  65,  65,  64,  64,  64,  64;
 169, 169, 169, 169, 169, 168, 167, 166, 164, 159, 151, 145, 151, 162, 173, 179, 182, 183, 183, 181, 179, 177, 173, 169, 164, 159, 154, 149, 144, 139, 132, 122, 110, 102,  97,  96,  99, 107, 116, 116, 101,  79,  61,  54,  60,  75,  93, 106, 110, 102,  87,  69,  51,  38,  32,  33,  39,  52,  68,  83,  89,  89,  86,  86,  90,  94,  96,  98, 100, 101, 101, 103, 105, 106, 106, 106, 106, 108, 111, 115, 119, 122, 127, 134, 142, 146, 138, 112,  84,  68,  65,  65,  65,  65,  65,  65,  64,  64,  64,  64;
 169, 169, 169, 169, 169, 169, 167, 166, 164, 160, 150, 143, 147, 159, 170, 178, 181, 182, 182, 181, 180, 178, 174, 170, 165, 160, 154, 148, 143, 136, 129, 118, 107,  99,  96,  98, 101, 105, 107, 104,  94,  80,  70,  71,  82,  96, 106, 109, 106,  98,  85,  71,  58,  48,  42,  41,  44,  50,  60,  69,  76,  79,  81,  85,  90,  93,  95,  96,  98,  99, 100, 102, 104, 106, 107, 107, 107, 108, 112, 117, 121, 124, 127, 133, 140, 142, 130, 103,  79,  67,  65,  65,  65,  66,  65,  64,  64,  64,  64,  65;
 169, 169, 169, 169, 169, 168, 167, 166, 164, 161, 152, 144, 145, 155, 167, 176, 180, 182, 182, 182, 181, 179, 175, 171, 167, 161, 154, 147, 140, 133, 125, 115, 105,  99,  98, 103, 109, 112, 109, 104,  96,  88,  84,  88,  98, 107, 110, 108, 103,  95,  87,  77,  67,  57,  51,  49,  50,  53,  56,  61,  67,  74,  81,  87,  91,  94,  95,  95,  96,  97,  99, 101, 104, 106, 107, 107, 108, 110, 114, 119, 123, 126, 128, 133, 137, 136, 121,  96,  75,  66,  65,  65,  65,  65,  65,  64,  64,  64,  65,  65;
 168, 168, 168, 168, 168, 168, 167, 165, 165, 162, 155, 146, 144, 152, 164, 174, 179, 181, 182, 183, 181, 179, 175, 171, 166, 160, 153, 145, 137, 130, 121, 111, 103, 101, 104, 112, 120, 123, 121, 115, 108, 103, 101, 102, 104, 106, 105, 103,  99,  94,  88,  81,  72,  63,  58,  57,  57,  58,  60,  64,  70,  78,  85,  90,  93,  95,  96,  95,  95,  96,  98, 100, 103, 105, 106, 107, 108, 111, 115, 121, 125, 127, 129, 132, 135, 132, 117,  92,  74,  66,  65,  65,  65,  65,  65,  64,  64,  64,  65,  65;
 167, 167, 167, 167, 167, 166, 166, 165, 164, 162, 156, 146, 140, 146, 158, 169, 176, 179, 181, 182, 181, 178, 174, 169, 165, 159, 152, 143, 135, 127, 118, 109, 104, 106, 114, 123, 130, 133, 132, 127, 120, 114, 108, 103,  98,  96,  95,  94,  93,  90,  87,  81,  72,  64,  59,  59,  62,  66,  70,  75,  81,  86,  90,  93,  94,  95,  96,  96,  95,  96,  97,  99, 101, 103, 104, 105, 107, 111, 116, 121, 125, 127, 129, 132, 133, 130, 115,  92,  74,  67,  66,  65,  65,  65,  65,  65,  65,  65,  65,  65;
 167, 167, 166, 165, 165, 165, 164, 163, 163, 161, 154, 144, 136, 139, 150, 162, 171, 176, 179, 180, 179, 176, 172, 168, 163, 158, 151, 142, 134, 126, 118, 112, 110, 115, 124, 133, 138, 139, 136, 131, 123, 114, 103,  93,  86,  83,  83,  85,  86,  86,  85,  81,  72,  64,  58,  58,  62,  69,  75,  82,  88,  92,  94,  95,  95,  96,  96,  96,  95,  96,  96,  97,  99, 101, 102, 104, 106, 110, 116, 120, 124, 126, 129, 131, 133, 129, 114,  90,  73,  67,  66,  66,  66,  65,  65,  65,  65,  65,  65,  65;
 167, 167, 166, 164, 163, 163, 162, 161, 160, 158, 152, 141, 134, 136, 145, 157, 167, 173, 177, 177, 175, 173, 169, 166, 162, 156, 150, 141, 133, 126, 120, 117, 118, 125, 134, 141, 143, 141, 136, 129, 120, 108,  96,  86,  78,  75,  75,  78,  80,  83,  85,  83,  76,  67,  61,  59,  61,  66,  72,  80,  88,  93,  96,  96,  96,  96,  96,  96,  95,  95,  95,  96,  97,  99, 101, 102, 105, 108, 113, 117, 121, 124, 127, 130, 131, 126, 109,  86,  71,  67,  66,  66,  66,  66,  66,  65,  65,  65,  65,  66;
 167, 167, 165, 164, 163, 162, 161, 160, 158, 155, 149, 139, 133, 135, 143, 154, 164, 170, 173, 174, 172, 170, 168, 164, 160, 155, 148, 140, 133, 127, 124, 122, 125, 132, 140, 145, 146, 141, 134, 125, 115, 104,  93,  85,  79,  75,  74,  75,  77,  82,  86,  86,  83,  76,  68,  62,  60,  61,  65,  73,  82,  89,  94,  96,  96,  96,  96,  95,  94,  93,  93,  94,  96,  98, 100, 102, 103, 106, 109, 114, 118, 121, 124, 127, 127, 121, 104,  82,  69,  66,  66,  66,  66,  66,  66,  66,  66,  65,  65,  65;
 166, 165, 164, 163, 162, 162, 161, 160, 158, 154, 147, 138, 132, 133, 141, 152, 161, 167, 169, 171, 171, 169, 167, 163, 158, 153, 146, 140, 133, 128, 126, 126, 129, 134, 138, 141, 141, 137, 129, 120, 111, 103,  96,  92,  88,  83,  79,  76,  76,  80,  85,  89,  89,  85,  78,  69,  62,  59,  58,  63,  71,  80,  87,  90,  92,  93,  93,  92,  92,  92,  92,  94,  96,  97,  99, 100, 102, 105, 107, 111, 115, 119, 121, 122, 121, 115,  99,  80,  68,  66,  66,  66,  66,  66,  66,  66,  66,  66,  65,  65;
 164, 164, 163, 163, 162, 162, 162, 161, 159, 155, 147, 137, 130, 131, 139, 150, 159, 164, 166, 168, 169, 169, 167, 162, 156, 151, 145, 139, 133, 129, 126, 125, 126, 127, 128, 130, 130, 127, 121, 115, 110, 107, 106, 105, 103,  98,  91,  84,  79,  79,  84,  90,  93,  92,  86,  78,  70,  64,  59,  57,  60,  67,  75,  80,  84,  86,  87,  88,  89,  91,  92,  94,  96,  97,  97,  99, 101, 103, 106, 110, 113, 115, 117, 116, 114, 108,  95,  78,  68,  66,  67,  67,  67,  67,  67,  66,  66,  66,  65,  65;
 163, 163, 162, 162, 162, 162, 161, 160, 159, 155, 148, 137, 129, 128, 135, 145, 156, 161, 163, 165, 167, 168, 166, 161, 155, 150, 144, 139, 134, 128, 123, 120, 117, 115, 115, 116, 116, 115, 115, 117, 119, 120, 118, 117, 115, 111, 104,  95,  88,  84,  86,  89,  92,  91,  88,  83,  79,  75,  68,  60,  56,  58,  63,  69,  74,  77,  79,  81,  84,  88,  91,  93,  95,  96,  96,  98,  99, 101, 104, 108, 111, 112, 113, 113, 110, 104,  91,  76,  68,  66,  67,  67,  67,  67,  67,  67,  66,  66,  66,  66;
 162, 162, 161, 161, 161, 161, 160, 159, 158, 154, 147, 137, 128, 126, 131, 141, 151, 158, 160, 162, 165, 166, 164, 160, 155, 149, 144, 140, 134, 127, 119, 111, 106, 104, 105, 107, 109, 113, 120, 126, 128, 127, 122, 118, 117, 115, 111, 105,  98,  93,  90,  88,  85,  83,  82,  82,  83,  83,  79,  71,  62,  57,  57,  59,  62,  66,  69,  72,  77,  82,  88,  91,  94,  95,  96,  97,  98,  99, 102, 105, 107, 109, 111, 112, 110, 101,  87,  74,  68,  67,  67,  68,  68,  68,  68,  67,  67,  66,  66,  66;
 161, 161, 161, 161, 160, 160, 159, 158, 157, 154, 147, 137, 128, 125, 130, 140, 149, 155, 158, 161, 163, 165, 164, 160, 155, 150, 145, 140, 134, 124, 113, 104,  99,  99, 103, 108, 115, 124, 130, 130, 125, 119, 115, 114, 117, 117, 113, 108, 103,  97,  91,  84,  79,  76,  76,  77,  79,  82,  82,  79,  73,  66,  59,  54,  52,  55,  58,  63,  69,  75,  83,  89,  92,  94,  95,  96,  96,  97,  99, 101, 104, 106, 109, 112, 109,  97,  82,  71,  68,  68,  68,  68,  68,  68,  68,  67,  67,  67,  67,  67;
 160, 160, 160, 159, 159, 159, 158, 158, 157, 154, 148, 138, 129, 125, 130, 140, 148, 153, 156, 159, 162, 164, 163, 159, 154, 149, 145, 140, 132, 121, 109, 101,  98, 100, 108, 119, 129, 135, 131, 120, 109, 104, 106, 114, 120, 119, 113, 105,  99,  93,  85,  78,  74,  73,  72,  73,  74,  75,  77,  79,  79,  76,  69,  59,  52,  50,  52,  56,  62,  70,  79,  87,  91,  93,  94,  95,  95,  96,  96,  98,  99, 102, 106, 110, 107,  94,  78,  69,  68,  69,  69,  68,  68,  68,  68,  68,  67,  67,  67,  67;
 159, 159, 159, 158, 158, 157, 157, 157, 156, 154, 149, 140, 129, 125, 129, 139, 146, 150, 154, 157, 160, 161, 160, 157, 153, 149, 145, 140, 130, 118, 108, 103, 101, 106, 118, 131, 138, 134, 118, 102,  94,  95, 102, 112, 117, 116, 108,  99,  91,  85,  78,  73,  71,  71,  70,  69,  69,  68,  69,  72,  77,  81,  79,  72,  62,  55,  53,  54,  59,  67,  77,  85,  89,  91,  93,  94,  94,  94,  93,  94,  95,  98, 102, 106, 102,  91,  77,  69,  68,  69,  69,  69,  68,  68,  68,  68,  68,  68,  68,  68;
 158, 158, 158, 157, 157, 157, 156, 156, 155, 153, 149, 140, 130, 124, 127, 134, 141, 145, 148, 153, 157, 158, 157, 155, 153, 150, 146, 139, 128, 118, 110, 107, 106, 112, 123, 133, 133, 120, 101,  88,  86,  90,  97, 103, 106, 104,  98,  90,  84,  78,  74,  71,  70,  68,  67,  65,  64,  62,  61,  63,  69,  77,  82,  81,  74,  67,  61,  58,  58,  64,  74,  83,  88,  91,  93,  94,  94,  92,  91,  91,  92,  95,  99, 100,  95,  84,  75,  70,  69,  70,  69,  69,  69,  69,  69,  69,  68,  68,  68,  68;
 157, 157, 157, 156, 156, 156, 156, 156, 155, 152, 148, 141, 130, 122, 122, 128, 134, 139, 142, 148, 153, 155, 154, 153, 152, 150, 146, 138, 127, 117, 111, 108, 108, 110, 114, 118, 114, 102,  88,  80,  79,  83,  87,  90,  92,  93,  89,  83,  77,  73,  70,  68,  65,  63,  61,  59,  59,  57,  55,  56,  61,  69,  77,  81,  80,  76,  70,  64,  61,  64,  71,  80,  88,  91,  93,  93,  92,  90,  89,  89,  91,  94,  98,  97,  89,  79,  73,  70,  70,  70,  70,  70,  70,  70,  70,  69,  69,  68,  68,  68;
 156, 156, 156, 155, 155, 155, 155, 155, 154, 152, 149, 142, 132, 122, 118, 123, 130, 135, 139, 144, 150, 153, 153, 152, 151, 150, 145, 137, 126, 116, 110, 106, 103,  99,  96,  94,  93,  89,  83,  78,  77,  80,  84,  86,  88,  89,  85,  78,  71,  67,  64,  61,  59,  57,  55,  54,  54,  52,  50,  50,  54,  61,  68,  74,  76,  75,  73,  70,  67,  67,  72,  80,  88,  92,  93,  92,  91,  90,  89,  89,  91,  95,  99,  97,  87,  77,  73,  71,  71,  71,  71,  70,  70,  70,  70,  69,  69,  69,  68,  68;
 155, 155, 155, 155, 154, 154, 154, 153, 153, 151, 149, 144, 136, 126, 119, 120, 127, 134, 139, 143, 149, 152, 152, 151, 150, 148, 144, 136, 125, 115, 108, 103,  97,  90,  84,  84,  88,  91,  92,  90,  91,  95, 100, 101,  99,  96,  89,  79,  70,  64,  62,  61,  60,  58,  57,  56,  56,  54,  50,  48,  49,  53,  58,  61,  63,  67,  71,  72,  72,  72,  75,  82,  89,  93,  93,  91,  90,  89,  88,  89,  92,  98, 103,  99,  88,  78,  74,  73,  72,  72,  72,  71,  71,  70,  70,  69,  69,  69,  69,  69;
 154, 154, 154, 153, 153, 153, 152, 152, 152, 151, 149, 146, 139, 130, 119, 117, 124, 133, 139, 143, 148, 151, 151, 150, 149, 147, 143, 135, 124, 114, 106, 101,  96,  92,  91,  97, 106, 112, 115, 115, 118, 121, 122, 120, 115, 109, 100,  88,  78,  71,  70,  72,  73,  72,  69,  67,  66,  64,  59,  55,  52,  52,  53,  52,  54,  60,  68,  72,  74,  75,  78,  84,  90,  92,  92,  90,  89,  87,  85,  86,  91, 100, 104,  99,  87,  78,  75,  75,  74,  74,  73,  72,  71,  71,  70,  70,  70,  70,  69,  69;
 153, 153, 153, 152, 152, 151, 151, 151, 151, 150, 149, 146, 141, 131, 120, 114, 120, 130, 137, 142, 146, 148, 149, 148, 146, 144, 140, 134, 123, 113, 106, 103, 101, 103, 109, 121, 131, 137, 139, 138, 138, 138, 135, 131, 125, 118, 110, 100,  89,  82,  80,  84,  86,  84,  80,  78,  76,  74,  70,  66,  64,  62,  60,  59,  59,  64,  69,  73,  74,  75,  77,  83,  89,  91,  91,  90,  88,  84,  82,  83,  90,  98, 100,  94,  85,  79,  78,  77,  76,  76,  75,  73,  72,  72,  71,  71,  70,  70,  69,  69;
 152, 151, 151, 150, 150, 150, 150, 149, 149, 149, 148, 145, 141, 133, 121, 114, 117, 126, 133, 137, 140, 143, 145, 144, 143, 140, 137, 130, 121, 112, 106, 106, 108, 114, 124, 136, 145, 150, 151, 150, 147, 143, 138, 133, 127, 121, 114, 106,  95,  87,  85,  87,  89,  86,  83,  81,  79,  77,  75,  73,  72,  72,  73,  73,  73,  73,  74,  74,  74,  74,  75,  80,  86,  89,  89,  89,  86,  83,  80,  82,  89,  94,  94,  88,  83,  80,  80,  79,  78,  77,  76,  75,  74,  73,  72,  72,  71,  70,  70,  70;
 150, 150, 150, 149, 149, 148, 148, 148, 148, 147, 146, 144, 141, 134, 124, 116, 116, 122, 128, 131, 134, 137, 140, 142, 141, 139, 134, 127, 117, 109, 106, 107, 113, 121, 130, 140, 147, 150, 151, 150, 146, 141, 135, 129, 123, 117, 112, 105,  96,  89,  86,  86,  86,  84,  82,  80,  78,  77,  76,  75,  77,  79,  83,  84,  83,  81,  78,  76,  75,  74,  75,  79,  84,  87,  88,  87,  85,  82,  80,  83,  88,  91,  89,  85,  82,  81,  81,  81,  80,  79,  78,  77,  75,  74,  74,  73,  72,  71,  70,  70;
 149, 149, 148, 148, 147, 147, 147, 147, 146, 145, 145, 143, 140, 134, 125, 117, 113, 116, 121, 125, 128, 132, 137, 140, 140, 137, 132, 124, 115, 108, 105, 108, 114, 122, 130, 138, 143, 145, 144, 142, 140, 135, 130, 123, 117, 111, 106, 100,  93,  87,  84,  83,  83,  81,  80,  78,  77,  77,  77,  78,  82,  86,  89,  90,  88,  85,  81,  78,  76,  75,  77,  80,  85,  87,  87,  86,  84,  81,  81,  83,  87,  88,  86,  84,  83,  83,  83,  82,  81,  81,  80,  78,  77,  76,  76,  74,  73,  71,  71,  71;
 147, 147, 147, 147, 146, 146, 146, 145, 145, 144, 143, 142, 139, 134, 127, 118, 111, 111, 116, 121, 124, 128, 133, 136, 137, 135, 130, 123, 114, 108, 106, 108, 114, 120, 127, 134, 138, 139, 138, 135, 132, 128, 123, 117, 111, 106, 100,  93,  87,  82,  78,  77,  76,  76,  77,  77,  78,  79,  81,  84,  88,  92,  93,  93,  90,  87,  83,  80,  78,  77,  78,  81,  85,  87,  87,  86,  84,  82,  81,  82,  84,  86,  84,  84,  84,  84,  84,  83,  82,  82,  81,  80,  79,  78,  77,  75,  73,  71,  71,  71;
 146, 146, 146, 146, 146, 145, 145, 145, 145, 146, 146, 145, 142, 138, 131, 121, 112, 109, 112, 118, 121, 123, 126, 129, 132, 131, 127, 120, 112, 106, 105, 108, 113, 118, 123, 128, 132, 134, 132, 129, 125, 121, 116, 110, 104,  97,  90,  82,  75,  69,  63,  61,  62,  65,  69,  73,  77,  81,  85,  88,  91,  93,  93,  92,  90,  88,  84,  81,  78,  76,  77,  80,  83,  85,  86,  86,  86,  84,  81,  80,  81,  82,  83,  84,  85,  86,  86,  85,  83,  83,  82,  81,  80,  79,  77,  75,  73,  72,  71,  71;
 144, 144, 145, 145, 145, 145, 146, 149, 154, 160, 165, 165, 163, 156, 146, 132, 121, 114, 113, 115, 118, 118, 119, 123, 127, 128, 124, 116, 108, 104, 103, 106, 110, 114, 118, 123, 127, 128, 127, 124, 120, 115, 110, 103,  96,  88,  79,  71,  63,  54,  46,  43,  46,  51,  59,  67,  73,  79,  83,  86,  88,  90,  90,  90,  89,  87,  84,  80,  77,  75,  75,  77,  80,  82,  84,  86,  86,  84,  80,  78,  78,  80,  83,  85,  86,  87,  87,  86,  85,  84,  83,  82,  81,  79,  78,  76,  74,  73,  72,  72;
 143, 143, 143, 144, 146, 149, 155, 163, 175, 187, 195, 197, 194, 187, 175, 161, 146, 132, 119, 113, 113, 113, 114, 117, 122, 124, 120, 113, 106, 102, 101, 103, 106, 110, 115, 120, 123, 124, 123, 120, 116, 112, 106,  99,  92,  84,  77,  70,  62,  51,  43,  39,  42,  49,  58,  65,  71,  75,  79,  82,  84,  85,  87,  87,  86,  84,  82,  80,  77,  75,  74,  75,  77,  80,  83,  85,  85,  84,  80,  78,  78,  81,  84,  86,  87,  88,  88,  87,  86,  85,  84,  82,  81,  79,  78,  77,  75,  74,  73,  72;
 147, 147, 147, 150, 155, 163, 174, 186, 200, 212, 217, 216, 214, 211, 205, 196, 183, 161, 133, 113, 106, 105, 107, 112, 118, 121, 118, 111, 106, 103, 102, 103, 105, 110, 114, 119, 122, 123, 123, 121, 118, 113, 107, 101,  94,  88,  83,  79,  73,  64,  56,  52,  53,  58,  65,  70,  73,  76,  78,  80,  81,  82,  84,  84,  83,  82,  81,  80,  78,  75,  73,  73,  76,  79,  83,  85,  85,  83,  81,  80,  81,  83,  85,  87,  87,  88,  88,  88,  87,  86,  85,  83,  81,  80,  78,  77,  76,  74,  73,  73;
 168, 167, 168, 170, 176, 185, 195, 206, 216, 222, 222, 218, 215, 218, 219, 217, 208, 186, 151, 118, 100,  95,  98, 106, 113, 116, 114, 109, 104, 102, 103, 105, 108, 113, 117, 121, 124, 126, 127, 126, 122, 118, 112, 107, 102,  98,  95,  92,  87,  81,  75,  71,  70,  71,  74,  76,  77,  79,  79,  80,  81,  82,  82,  82,  81,  80,  80,  79,  78,  75,  73,  72,  75,  80,  84,  85,  85,  84,  83,  83,  84,  85,  86,  87,  87,  87,  87,  87,  87,  86,  85,  84,  82,  80,  79,  77,  76,  74,  73,  73;
 199, 199, 199, 198, 199, 201, 206, 214, 221, 223, 219, 213, 211, 215, 219, 219, 214, 198, 169, 131, 102,  90,  93, 102, 109, 111, 109, 105, 103, 102, 105, 109, 113, 118, 122, 126, 130, 133, 135, 133, 130, 126, 121, 117, 113, 109, 106, 102,  97,  92,  89,  85,  83,  82,  82,  82,  82,  81,  81,  81,  82,  83,  82,  82,  80,  79,  78,  77,  76,  73,  71,  71,  75,  81,  84,  85,  84,  82,  82,  83,  84,  85,  86,  86,  86,  86,  86,  86,  86,  85,  85,  84,  83,  81,  79,  77,  75,  74,  73,  73;
 220, 219, 217, 214, 209, 204, 206, 214, 221, 221, 214, 207, 207, 211, 212, 210, 208, 201, 183, 150, 114,  96,  96, 103, 107, 106, 105, 104, 103, 105, 109, 114, 119, 123, 128, 133, 138, 141, 143, 142, 139, 135, 131, 127, 122, 116, 110, 104,  99,  95,  94,  94,  93,  91,  90,  88,  86,  84,  83,  83,  84,  84,  84,  83,  81,  80,  78,  76,  75,  72,  70,  71,  75,  81,  83,  82,  80,  78,  79,  81,  84,  85,  85,  85,  85,  85,  85,  85,  85,  85,  84,  84,  82,  81,  79,  77,  76,  74,  73,  73;
 223, 223, 220, 214, 206, 200, 204, 214, 220, 217, 208, 203, 205, 207, 205, 200, 200, 201, 194, 168, 133, 107, 101, 104, 105, 103, 101, 101, 102, 106, 112, 118, 123, 128, 133, 138, 143, 147, 149, 149, 147, 143, 139, 132, 124, 116, 108, 101,  96,  94,  95,  98,  99,  99,  96,  93,  89,  86,  85,  84,  84,  84,  84,  83,  83,  81,  80,  78,  76,  73,  69,  69,  73,  78,  79,  78,  76,  77,  81,  84,  86,  85,  84,  83,  83,  84,  84,  84,  84,  84,  83,  83,  82,  81,  80,  78,  76,  75,  74,  74;
 222, 221, 217, 210, 200, 196, 203, 215, 219, 213, 204, 201, 204, 206, 201, 196, 197, 202, 201, 184, 152, 121, 106, 104, 103,  99,  94,  92,  94, 100, 109, 117, 123, 128, 134, 140, 146, 150, 152, 153, 151, 147, 140, 132, 122, 112, 104,  98,  95,  94,  96, 100, 102, 102,  99,  95,  90,  87,  85,  84,  83,  83,  83,  83,  82,  82,  81,  80,  77,  73,  68,  67,  70,  74,  75,  75,  80,  91, 103, 103,  95,  86,  82,  81,  81,  82,  82,  83,  83,  83,  82,  82,  82,  81,  80,  79,  77,  75,  74,  74;
 220, 219, 214, 205, 195, 193, 203, 213, 215, 208, 202, 202, 205, 205, 200, 196, 198, 204, 206, 196, 170, 137, 113, 104, 101,  95,  87,  83,  83,  90,  99, 108, 116, 123, 131, 138, 145, 149, 152, 152, 151, 146, 138, 128, 117, 107, 100,  97,  96,  96,  97, 100, 102, 102,  98,  93,  88,  85,  83,  83,  82,  82,  82,  81,  81,  80,  80,  79,  76,  71,  66,  63,  65,  69,  70,  74,  91, 121, 143, 139, 116,  93,  82,  79,  79,  80,  80,  81,  81,  81,  81,  81,  80,  80,  80,  79,  77,  76,  75,  75;
 218, 217, 212, 201, 191, 191, 199, 207, 207, 203, 201, 202, 204, 204, 200, 196, 199, 205, 208, 202, 184, 151, 120, 104,  99,  94,  87,  82,  80,  82,  88,  95, 104, 114, 124, 132, 139, 143, 145, 145, 145, 141, 133, 123, 112, 102,  97,  95,  95,  96,  97,  99, 100,  98,  94,  89,  84,  82,  80,  79,  78,  78,  79,  78,  78,  78,  79,  77,  73,  67,  61,  58,  60,  63,  66,  74, 100, 142, 175, 176, 149, 117,  95,  84,  79,  78,  77,  78,  78,  78,  78,  78,  78,  78,  78,  78,  77,  76,  75,  75;
 215, 215, 210, 199, 189, 189, 194, 198, 197, 197, 200, 202, 202, 201, 198, 196, 200, 205, 208, 205, 191, 160, 124, 104,  97,  94,  90,  86,  82,  79,  80,  85,  94, 105, 116, 125, 131, 134, 134, 135, 136, 135, 129, 119, 108,  98,  93,  92,  93,  95,  96,  97,  97,  95,  89,  84,  80,  78,  76,  74,  73,  74,  74,  74,  75,  77,  78,  77,  71,  62,  55,  52,  54,  58,  63,  76, 104, 145, 183, 198, 185, 155, 124, 102,  87,  78,  75,  75,  76,  76,  77,  77,  77,  77,  77,  77,  76,  76,  75,  74;
 214, 213, 209, 199, 189, 188, 192, 193, 192, 194, 199, 202, 201, 200, 197, 196, 200, 205, 208, 206, 193, 162, 126, 104,  96,  93,  91,  88,  83,  79,  78,  81,  89, 101, 112, 121, 127, 128, 128, 129, 132, 132, 127, 117, 106,  97,  91,  90,  92,  93,  95,  96,  96,  93,  87,  82,  78,  76,  74,  71,  70,  72,  72,  72,  74,  77,  79,  77,  70,  60,  52,  50,  52,  56,  62,  77, 105, 141, 180, 205, 201, 175, 142, 114,  92,  78,  74,  74,  75,  76,  76,  76,  77,  77,  77,  77,  76,  75,  75,  74]